0  0  4.64438e-310
0.1  0.0425193  0.0425193
0.2  0.15898  0.15898
0.3  0.349383  0.349383
0.4  0.613727  0.613727
0.5  0.952014  0.952014
0.6  1.36424  1.36424
0.7  1.85041  1.85041
0.8  2.41052  2.41052
0.9  3.04458  3.04458
1  3.75257  3.75257
1.1  4.417  4.417
1.2  4.92034  4.92034
1.3  5.2626  5.2626
1.4  5.44379  5.44379
1.5  5.46389  5.46389
1.6  5.32292  5.32292
1.7  5.02086  5.02086
1.8  4.55772  4.55772
1.9  3.9335  3.9335
2  3.1482  3.1482
2.1  2.35146  2.35146
2.2  1.6929  1.6929
2.3  1.17254  1.17254
2.4  0.790359  0.790359
2.5  0.546368  0.546368
2.6  0.440567  0.440567
2.7  0.472954  0.472954
2.8  0.643529  0.643529
2.9  0.952293  0.952293
3  1.39925  1.39925
3.1  1.84213  1.84213
3.2  2.13869  2.13869
3.3  2.28892  2.28892
3.4  2.29283  2.29283
3.5  2.15042  2.15042
3.6  1.86168  1.86168
3.7  1.42661  1.42661
3.8  0.845219  0.845219
3.9  0.117504  0.117504
4  -0.756537  -0.756537
4.1  -1.68316  -1.68316
4.2  -2.56863  -2.56863
4.3  -3.41294  -3.41294
4.4  -4.21609  -4.21609
4.5  -4.97809  -4.97809
4.6  -5.69893  -5.69893
4.7  -6.37861  -6.37861
4.8  -7.01713  -7.01713
4.9  -7.61449  -7.61449
5  -8.1707  -8.1707
5.1  -8.70405  -8.70405
5.2  -9.23282  -9.23282
5.3  -9.75702  -9.75702
5.4  -10.2766  -10.2766
5.5  -10.7917  -10.7917
5.6  -11.3022  -11.3022
5.7  -11.8081  -11.8081
5.8  -12.3094  -12.3094
5.9  -12.8062  -12.8062
6  -13.2984  -13.2984
6.1  -13.7392  -13.7392
6.2  -14.082  -14.082
6.3  -14.3265  -14.3265
6.4  -14.473  -14.473
6.5  -14.5213  -14.5213
6.6  -14.4715  -14.4715
6.7  -14.3235  -14.3235
6.8  -14.0775  -14.0775
6.9  -13.7332  -13.7332
7  -13.2909  -13.2909
7.1  -12.7886  -12.7886
7.2  -12.2643  -12.2643
7.3  -11.7182  -11.7182
7.4  -11.1502  -11.1502
7.5  -10.5604  -10.5604
7.6  -9.94863  -9.94863
7.7  -9.31501  -9.31501
7.8  -8.65951  -8.65951
7.9  -7.98213  -7.98213
8  -7.28288  -7.28288
8.1  -6.6202  -6.6202
8.2  -6.05255  -6.05255
8.3  -5.57994  -5.57994
8.4  -5.20236  -5.20236
8.5  -4.91981  -4.91981
8.6  -4.73229  -4.73229
8.7  -4.63981  -4.63981
8.8  -4.64236  -4.64236
8.9  -4.73994  -4.73994
9  -4.93255  -4.93255
9.1  -5.15211  -5.15211
9.2  -5.3305  -5.3305
9.3  -5.46774  -5.46774
9.4  -5.56382  -5.56382
9.5  -5.61874  -5.61874
9.6  -5.63251  -5.63251
9.7  -5.60512  -5.60512
9.8  -5.53657  -5.53657
9.9  -5.42686  -5.42686
10  -5.276  -5.276
10.1  -5.07429  -5.07429
10.2  -4.81206  -4.81206
10.3  -4.4893  -4.4893
10.4  -4.10601  -4.10601
10.5  -3.66219  -3.66219
10.6  -3.15784  -3.15784
10.7  -2.59297  -2.59297
10.8  -1.96757  -1.96757
10.9  -1.28164  -1.28164
11  -0.53518  -0.53518
11.1  0.228912  0.228912
11.2  0.967748  0.967748
11.3  1.68133  1.68133
11.4  2.36965  2.36965
11.5  3.03271  3.03271
11.6  3.67052  3.67052
11.7  4.28307  4.28307
11.8  4.87036  4.87036
11.9  5.4324  5.4324
12  5.96918  5.96918
12.1  6.4936  6.4936
12.2  7.01854  7.01854
12.3  7.54403  7.54403
12.4  8.07004  8.07004
12.5  8.59658  8.59658
12.6  9.12366  9.12366
12.7  9.65127  9.65127
12.8  10.1794  10.1794
12.9  10.7081  10.7081
13  11.2373  11.2373
13.1  11.7717  11.7717
13.2  12.3159  12.3159
13.3  12.8699  12.8699
13.4  13.4338  13.4338
13.5  14.0076  14.0076
13.6  14.5911  14.5911
13.7  15.1845  15.1845
13.8  15.7877  15.7877
13.9  16.4008  16.4008
14  17.0237  17.0237
14.1  17.5852  17.5852
14.2  18.014  18.014
14.3  18.3103  18.3103
14.4  18.4739  18.4739
14.5  18.5049  18.5049
14.6  18.4033  18.4033
14.7  18.1691  18.1691
14.8  17.8022  17.8022
14.9  17.3028  17.3028
15  16.6707  16.6707
15.1  15.9835  15.9835
15.2  15.3189  15.3189
15.3  14.6768  14.6768
15.4  14.0573  14.0573
15.5  13.4603  13.4603
15.6  12.8858  12.8858
15.7  12.3339  12.3339
15.8  11.8044  11.8044
15.9  11.2976  11.2976
16  10.8132  10.8132
16.1  10.4001  10.4001
16.2  10.1068  10.1068
16.3  9.9335  9.9335
16.4  9.88006  9.88006
16.5  9.94653  9.94653
16.6  10.1329  10.1329
16.7  10.4392  10.4392
16.8  10.8653  10.8653
16.9  11.4114  11.4114
17  12.0774  12.0774
17.1  12.7915  12.7915
17.2  13.4821  13.4821
17.3  14.1491  14.1491
17.4  14.7926  14.7926
17.5  15.4125  15.4125
17.6  16.0088  16.0088
17.7  16.5816  16.5816
17.8  17.1308  17.1308
17.9  17.6565  17.6565
18  18.1586  18.1586
18.1  18.6301  18.6301
18.2  19.0641  19.0641
18.3  19.4606  19.4606
18.4  19.8195  19.8195
18.5  20.1408  20.1408
18.6  20.4247  20.4247
18.7  20.6709  20.6709
18.8  20.8797  20.8797
18.9  21.0508  21.0508
