0  0  0  0  0  0  0
0.0163934  0.0514958  -0.102855  0.153942  0.0514788  -0.102821  0.153891
0.0327869  0.102855  -0.20462  0.304216  0.102821  -0.204552  0.304115
0.0491803  0.153942  -0.304216  0.447242  0.153891  -0.304115  0.447094
0.0655738  0.20462  -0.400587  0.579613  0.204552  -0.400454  0.579421
0.0819672  0.254756  -0.492711  0.698176  0.254671  -0.492548  0.697944
0.0983607  0.304216  -0.579613  0.800104  0.304115  -0.579421  0.799839
0.114754  0.352869  -0.660371  0.882972  0.352752  -0.660152  0.882679
0.131148  0.400587  -0.734129  0.944802  0.400454  -0.733885  0.944489
0.147541  0.447242  -0.800105  0.984124  0.447094  -0.799839  0.983798
0.163934  0.492711  -0.857599  1  0.492548  -0.857315  0.999668
0.180328  0.536874  -0.906003  0.992052  0.536696  -0.905702  0.991723
0.196721  0.579613  -0.944802  0.960468  0.579421  -0.944489  0.96015
0.213115  0.620815  -0.973587  0.906003  0.620609  -0.973264  0.905702
0.229508  0.660371  -0.992052  0.829952  0.660152  -0.991723  0.829677
0.245902  0.698176  -1  0.734129  0.697944  -0.999668  0.733885
0.262295  0.734129  -0.997348  0.620815  0.733885  -0.997018  0.620609
0.278689  0.768135  -0.984124  0.492711  0.76788  -0.983798  0.492548
0.295082  0.800105  -0.960468  0.352869  0.799839  -0.96015  0.352752
0.311475  0.829952  -0.926631  0.20462  0.829677  -0.926324  0.204552
0.327869  0.857599  -0.882972  0.0514958  0.857315  -0.882679  0.0514788
0.344262  0.882972  -0.829952  -0.102855  0.882679  -0.829677  -0.102821
0.360656  0.906003  -0.768135  -0.254756  0.905702  -0.76788  -0.254671
0.377049  0.926631  -0.698176  -0.400587  0.926324  -0.697944  -0.400454
0.393443  0.944802  -0.620815  -0.536874  0.944489  -0.620609  -0.536696
0.409836  0.960468  -0.536874  -0.660371  0.96015  -0.536696  -0.660152
0.42623  0.973587  -0.447242  -0.768135  0.973264  -0.447094  -0.76788
0.442623  0.984124  -0.352869  -0.857599  0.983798  -0.352752  -0.857315
0.459016  0.992052  -0.254756  -0.926631  0.991723  -0.254671  -0.926324
0.47541  0.997348  -0.153942  -0.973587  0.997018  -0.153891  -0.973264
0.491803  1  -0.0514958  -0.997348  0.999668  -0.0514788  -0.997018
0.508197  1  0.0514958  -0.997348  0.999668  0.0514788  -0.997018
0.52459  0.997348  0.153942  -0.973587  0.997018  0.153891  -0.973264
0.540984  0.992052  0.254756  -0.926631  0.991723  0.254671  -0.926324
0.557377  0.984124  0.352869  -0.857599  0.983798  0.352752  -0.857315
0.57377  0.973587  0.447242  -0.768135  0.973264  0.447094  -0.76788
0.590164  0.960468  0.536874  -0.660371  0.96015  0.536696  -0.660152
0.606557  0.944802  0.620815  -0.536874  0.944489  0.620609  -0.536696
0.622951  0.926631  0.698176  -0.400587  0.926324  0.697944  -0.400454
0.639344  0.906003  0.768135  -0.254756  0.905702  0.76788  -0.254671
0.655738  0.882972  0.829952  -0.102855  0.882679  0.829677  -0.102821
0.672131  0.857599  0.882972  0.0514958  0.857315  0.882679  0.0514788
0.688525  0.829952  0.926631  0.20462  0.829677  0.926324  0.204552
0.704918  0.800105  0.960468  0.352869  0.799839  0.96015  0.352752
0.721311  0.768135  0.984124  0.492711  0.76788  0.983798  0.492548
0.737705  0.734129  0.997348  0.620815  0.733885  0.997018  0.620609
0.754098  0.698176  1  0.734129  0.697944  0.999668  0.733885
0.770492  0.660371  0.992052  0.829952  0.660152  0.991723  0.829677
0.786885  0.620815  0.973587  0.906003  0.620609  0.973264  0.905702
0.803279  0.579613  0.944802  0.960468  0.579421  0.944489  0.96015
0.819672  0.536874  0.906003  0.992052  0.536696  0.905702  0.991723
0.836066  0.492711  0.857599  1  0.492548  0.857315  0.999668
0.852459  0.447242  0.800105  0.984124  0.447094  0.799839  0.983798
0.868852  0.400587  0.734129  0.944802  0.400454  0.733885  0.944489
0.885246  0.352869  0.660371  0.882972  0.352752  0.660152  0.882679
0.901639  0.304216  0.579613  0.800105  0.304115  0.579421  0.799839
0.918033  0.254756  0.492711  0.698176  0.254671  0.492548  0.697944
0.934426  0.20462  0.400587  0.579613  0.204552  0.400454  0.579421
0.95082  0.153942  0.304216  0.447242  0.153891  0.304115  0.447094
0.967213  0.102855  0.20462  0.304216  0.102821  0.204552  0.304115
0.983607  0.0514958  0.102855  0.153942  0.0514788  0.102821  0.153891
1  0  0  0  0  0  0
