4.435 3.058 6.368 8.845 1.074 
4.982 1.205 8.621 4.283 5.025 
5.574 0.257 2.124 1.263 7.897 
3.922 1.783 5.492 5.174 6.287 
2.809 6.517 0.450 7.402 5.001 
1.901 7.429 8.559 6.031 3.138 
7.291 6.022 3.709 9.262 2.714 
5.776 7.960 3.901 4.020 4.143 
7.498 0.762 2.613 9.372 6.150 
2.566 6.517 9.156 3.910 8.399 

0.000 0.000 0.000 0.000 0.000 
0.000 0.000 0.000 0.000 0.000 
0.000 0.000 0.000 0.000 0.000 
0.000 0.000 0.000 0.000 0.000 
0.000 0.000 0.000 0.000 0.000 
0.000 0.000 0.000 0.000 0.000 
0.000 0.000 0.000 0.000 0.000 
0.000 0.000 0.000 0.000 0.000 
0.000 0.000 0.000 0.000 0.000 
0.000 0.000 0.000 0.000 0.000 

