0  1
0.05  0.540302
0.1  -0.416147
0.15  -0.989992
0.2  -0.653644
0.25  0.283662
0.3  0.96017
0.35  0.753902
0.4  -0.1455
0.45  -0.91113
0.5  -0.839072
0.55  0.0044257
0.6  0.843854
0.65  0.907447
0.7  0.136737
0.75  -0.759688
0.8  -0.957659
0.85  -0.275163
0.9  0.660317
0.95  0.988705
1  0.408082
1.05  -0.547729
1.1  -0.999961
1.15  -0.532833
1.2  0.424179
1.25  0.991203
1.3  0.646919
1.35  -0.292139
1.4  -0.962606
1.45  -0.748058
1.5  0.154251
1.55  0.914742
1.6  0.834223
1.65  -0.0132767
1.7  -0.84857
1.75  -0.903692
1.8  -0.127964
1.85  0.765414
1.9  0.955074
1.95  0.266643
2  -0.666938
2.05  -0.987339
2.1  -0.399985
2.15  0.555113
2.2  0.999843
2.25  0.525322
2.3  -0.432178
2.35  -0.992335
2.4  -0.640144
2.45  0.300593
2.5  0.964966
2.55  0.742154
2.6  -0.162991
2.65  -0.918283
2.7  -0.82931
2.75  0.0221268
2.8  0.85322
2.85  0.899867
2.9  0.11918
2.95  -0.77108
