    -5.001    8.31914    8.31914    8.31914
   -4.9385   -0.15138   -0.15138   -0.15138
    -4.876 -0.0850563 -0.0850563 -0.0850563
   -4.8135 -0.0648757 -0.0648757 -0.0648757
    -4.751 -0.0564771 -0.0564771 -0.0564771
   -4.6885 -0.0532048 -0.0532048 -0.0532048
    -4.626 -0.0530155 -0.0530155 -0.0530155
   -4.5635 -0.0552572 -0.0552572 -0.0552572
    -4.501 -0.0599233 -0.0599233 -0.0599233
   -4.4385  -0.067502  -0.067502  -0.067502
    -4.376 -0.0791053 -0.0791053 -0.0791053
   -4.3135 -0.0969406 -0.0969406 -0.0969406
    -4.251  -0.125586  -0.125586  -0.125586
   -4.1885  -0.175866  -0.175866  -0.175866
    -4.126  -0.280316  -0.280316  -0.280316
   -4.0635  -0.600028  -0.600028  -0.600028
    -4.001    -41.604    -41.604    -41.604
   -3.9385    0.74759    0.74759    0.74759
    -3.876   0.414734   0.414734   0.414734
   -3.8135   0.312279   0.312279   0.312279
    -3.751   0.268322   0.268322   0.268322
   -3.6885   0.249451   0.249451   0.249451
    -3.626    0.24525    0.24525    0.24525
   -3.5635   0.252166   0.252166   0.252166
    -3.501   0.269715   0.269715   0.269715
   -3.4385   0.299608   0.299608   0.299608
    -3.376   0.346165   0.346165   0.346165
   -3.3135   0.418153   0.418153   0.418153
    -3.251   0.533866   0.533866   0.533866
   -3.1885   0.736616   0.736616   0.736616
    -3.126    1.15658    1.15658    1.15658
   -3.0635    2.43821    2.43821    2.43821
    -3.001    166.458    166.458    166.458
   -2.9385   -2.94438   -2.94438   -2.94438
    -2.876   -1.60751   -1.60751   -1.60751
   -2.8135   -1.19088   -1.19088   -1.19088
    -2.751   -1.00648   -1.00648   -1.00648
   -2.6885  -0.920099  -0.920099  -0.920099
    -2.626  -0.889276  -0.889276  -0.889276
   -2.5635  -0.898594  -0.898594  -0.898594
    -2.501  -0.944271  -0.944271  -0.944271
   -2.4385    -1.0302    -1.0302    -1.0302
    -2.376   -1.16865   -1.16865   -1.16865
   -2.3135   -1.38555   -1.38555   -1.38555
    -2.251    -1.7356    -1.7356    -1.7356
   -2.1885    -2.3487    -2.3487    -2.3487
    -2.126   -3.61548   -3.61548   -3.61548
   -2.0635   -7.46946   -7.46946   -7.46946
    -2.001    -499.54    -499.54    -499.54
   -1.9385    8.65207    8.65207    8.65207
    -1.876     4.6232     4.6232     4.6232
   -1.8135    3.35053    3.35053    3.35053
    -1.751    2.76882    2.76882    2.76882
   -1.6885    2.47369    2.47369    2.47369
    -1.626    2.33524    2.33524    2.33524
   -1.5635    2.30355    2.30355    2.30355
    -1.501    2.36162    2.36162    2.36162
   -1.4385    2.51214    2.51214    2.51214
    -1.376    2.77672    2.77672    2.77672
   -1.3135    3.20547    3.20547    3.20547
    -1.251    3.90683    3.90683    3.90683
   -1.1885    5.14013    5.14013    5.14013
    -1.126     7.6865     7.6865     7.6865
   -1.0635    15.4132    15.4132    15.4132
    -1.001    999.579    999.579    999.579
   -0.9385    -16.772    -16.772    -16.772
    -0.876   -8.67312   -8.67312   -8.67312
   -0.8135   -6.07619   -6.07619   -6.07619
    -0.751    -4.8482    -4.8482    -4.8482
   -0.6885   -4.17682   -4.17682   -4.17682
    -0.626    -3.7971    -3.7971    -3.7971
   -0.5635   -3.60159   -3.60159   -3.60159
    -0.501   -3.54479   -3.54479   -3.54479
   -0.4385   -3.61372   -3.61372   -3.61372
    -0.376   -3.82076   -3.82076   -3.82076
   -0.3135   -4.21039   -4.21039   -4.21039
    -0.251   -4.88745   -4.88745   -4.88745
   -0.1885   -6.10904   -6.10904   -6.10904
    -0.126     -8.655     -8.655     -8.655
   -0.0635    -16.392    -16.392    -16.392
    -0.001   -1000.58   -1000.58   -1000.58
    0.0615    15.7406    15.7406    15.7406
     0.124    7.59766    7.59766    7.59766
    0.1865    4.94298    4.94298    4.94298
     0.249      3.641      3.641      3.641
    0.3115    2.87574    2.87574    2.87574
     0.374    2.37698    2.37698    2.37698
    0.4365     2.0295     2.0295     2.0295
     0.499    1.77594    1.77594    1.77594
    0.5615    1.58462    1.58462    1.58462
     0.624    1.43661    1.43661    1.43661
    0.6865    1.31996    1.31996    1.31996
     0.749    1.22675    1.22675    1.22675
    0.8115    1.15155    1.15155    1.15155
     0.874    1.09053    1.09053    1.09053
    0.9365    1.04089    1.04089    1.04089
     0.999    1.00058    1.00058    1.00058
    1.0615   0.968044   0.968044   0.968044
     1.124   0.942109   0.942109   0.942109
    1.1865   0.921865   0.921865   0.921865
     1.249   0.906609   0.906609   0.906609
    1.3115   0.895793   0.895793   0.895793
     1.374   0.888992   0.888992   0.888992
    1.4365   0.885876   0.885876   0.885876
     1.499   0.886195   0.886195   0.886195
    1.5615   0.889762   0.889762   0.889762
     1.624   0.896443   0.896443   0.896443
    1.6865    0.90615    0.90615    0.90615
     1.749   0.918835   0.918835   0.918835
    1.8115   0.934487   0.934487   0.934487
     1.874   0.953123   0.953123   0.953123
    1.9365   0.974794   0.974794   0.974794
     1.999   0.999578   0.999578   0.999578
    2.0615    1.02758    1.02758    1.02758
     2.124    1.05893    1.05893    1.05893
    2.1865    1.09379    1.09379    1.09379
     2.249    1.13235    1.13235    1.13235
    2.3115    1.17483    1.17483    1.17483
     2.374    1.22147    1.22147    1.22147
    2.4365    1.27256    1.27256    1.27256
     2.499    1.32841    1.32841    1.32841
    2.5615    1.38936    1.38936    1.38936
     2.624    1.45582    1.45582    1.45582
    2.6865    1.52822    1.52822    1.52822
     2.749    1.60704    1.60704    1.60704
    2.8115    1.69282    1.69282    1.69282
     2.874    1.78615    1.78615    1.78615
    2.9365    1.88769    1.88769    1.88769
     2.999    1.99816    1.99816    1.99816
    3.0615    2.11835    2.11835    2.11835
     3.124    2.24917    2.24917    2.24917
    3.1865    2.39158    2.39158    2.39158
     3.249    2.54667    2.54667    2.54667
    3.3115    2.71563    2.71563    2.71563
     3.374    2.89978    2.89978    2.89978
    3.4365    3.10059    3.10059    3.10059
     3.499    3.31969    3.31969    3.31969
    3.5615    3.55885    3.55885    3.55885
     3.624    3.82008    3.82008    3.82008
    3.6865    4.10557    4.10557    4.10557
     3.749    4.41776    4.41776    4.41776
    3.8115    4.75937    4.75937    4.75937
     3.874     5.1334     5.1334     5.1334
    3.9365     5.5432     5.5432     5.5432
     3.999    5.99247    5.99247    5.99247
    4.0615    6.48534    6.48534    6.48534
     4.124     7.0264     7.0264     7.0264
    4.1865    7.62077    7.62077    7.62077
     4.249    8.27412    8.27412    8.27412
    4.3115    8.99279    8.99279    8.99279
     4.374    9.78386    9.78386    9.78386
    4.4365    10.6552    10.6552    10.6552
     4.499    11.6156    11.6156    11.6156
    4.5615    12.6749    12.6749    12.6749
     4.624     13.844     13.844     13.844
    4.6865    15.1352    15.1352    15.1352
     4.749    16.5622    16.5622    16.5622
    4.8115    18.1403    18.1403    18.1403
     4.874    19.8868    19.8868    19.8868
    4.9365    21.8208    21.8208    21.8208
     4.999    23.9639    23.9639    23.9639
