-1  0.3678794412  0.3678794412
-0.875  0.4168620197  0.4168620197
-0.75  0.4723665527  0.4723665527
-0.625  0.5352614285  0.5352614285
-0.5  0.6065306597  0.6065306597
-0.375  0.6872892788  0.6872892788
-0.25  0.7788007831  0.7788007831
-0.125  0.8824969026  0.8824969026
0  1  1
0.125  1.133148453  1.133148453
0.25  1.284025417  1.284025417
0.375  1.454991415  1.454991415
0.5  1.648721271  1.648721271
0.625  1.868245957  1.868245957
0.75  2.117000017  2.117000017
0.875  2.398875294  2.398875294
1  2.718281828  2.718281828
1.125  3.080216849  3.080216849
1.25  3.490342957  3.490342957
1.375  3.955076723  3.955076723
1.5  4.48168907  4.48168907
1.625  5.078419037  5.078419037
1.75  5.754602676  5.754602676
1.875  6.52081912  6.52081912
2  7.389056099  7.389056099
2.125  8.372897488  8.372897488
2.25  9.487735836  9.487735836
2.375  10.75101319  10.75101319
2.5  12.18249396  12.18249396
2.625  13.80457419  13.80457419
2.75  15.64263188  15.64263188
2.875  17.72542412  17.72542412
3  20.08553692  20.08553692
3.125  22.75989509  22.75989509
3.25  25.79033992  25.79033992
3.375  29.22428378  29.22428378
3.5  33.11545196  33.11545196
3.625  37.52472316  37.52472316
3.75  42.521082  42.521082
3.875  48.18269829  48.18269829
