0  0.458372  2.00721e-05  5.79798e+06  2013.37  3.34446  
0.291958  1.56637  0.0344528  5.79778e+06  2176.31  44.0968  
1.01217  2.45992  0.617928  5.7972e+06  2636.72  159.261  
1.97862  2.8491  1.90658  5.79624e+06  3410.72  352.9  
2.99374  2.91929  2.88275  5.79491e+06  4469.1  617.747  
3.96115  2.84905  3.22981  5.79327e+06  5781.64  946.298  
4.85181  2.73279  3.19965  5.79134e+06  7327.95  1333.52  
5.66522  2.6106  3.02882  5.78912e+06  9098.18  1777.01  
6.40979  2.4966  2.83122  5.78663e+06  11090.1  2276.3  
7.09523  2.39428  2.64724  5.78386e+06  13306.1  2832.05  
7.73025  2.30333  2.48662  5.7808e+06  15750.7  3445.55  
8.32208  2.22234  2.34867  5.77745e+06  18430  4118.39  
8.87661  2.14979  2.22998  5.7738e+06  21350.2  4852.29  
9.3986  2.08436  2.12703  5.76983e+06  24517.8  5649.05  
9.892  2.02495  2.03683  5.76555e+06  27939.6  6510.5  
10.36  1.97066  1.95702  5.76094e+06  31622.2  7438.49  
10.8054  1.92079  1.88577  5.75599e+06  35572.3  8434.92  
11.2305  1.87475  1.82165  5.7507e+06  39796.5  9501.7  
11.6373  1.83206  1.76355  5.74506e+06  44301.6  10640.8  
12.0274  1.79234  1.71057  5.73905e+06  49094.5  11854.2  
12.4023  1.75524  1.66199  5.73267e+06  54182.1  13143.9  
12.7634  1.7205  1.61724  5.72592e+06  59571.4  14512  
13.1118  1.68787  1.57583  5.71877e+06  65269.4  15960.8  
13.4485  1.65715  1.53736  5.71122e+06  71283.6  17492.4  
13.7745  1.62817  1.50149  5.70327e+06  77621.3  19109.2  
14.0904  1.60077  1.46795  5.6949e+06  84290.3  20813.5  
14.3972  1.57482  1.43648  5.68609e+06  91298.4  22607.8  
14.6953  1.5502  1.40688  5.67685e+06  98653.7  24494.9  
14.9856  1.52681  1.37897  5.66716e+06  106365  26477.3  
15.2684  1.50456  1.3526  5.657e+06  114440  28558  
15.5443  1.48336  1.32761  5.64637e+06  122889  30739.9  
15.8138  1.46316  1.3039  5.63525e+06  131720  33026.3  
16.0773  1.44389  1.28135  5.62363e+06  140945  35420.4  
16.3353  1.42548  1.25988  5.6115e+06  150572  37925.7  
16.588  1.40789  1.23939  5.59884e+06  160614  40546.2  
16.8358  1.39108  1.2198  5.58563e+06  171081  43285.6  
17.0791  1.37501  1.20106  5.57187e+06  181986  46148.3  
17.3182  1.35964  1.1831  5.55752e+06  193341  49138.8  
17.5534  1.34494  1.16586  5.54258e+06  205161  52261.9  
17.785  1.33089  1.1493  5.52702e+06  217459  55523  
18.0132  1.31747  1.13335  5.51082e+06  230253  58927.5  
18.2382  1.30465  1.11799  5.49396e+06  243557  62481.7  
18.4605  1.29242  1.10316  5.47642e+06  257392  66192.1  
18.6802  1.28078  1.08883  5.45816e+06  271776  70065.9  
18.8975  1.26971  1.07497  5.43916e+06  286731  74110.9  
19.1127  1.25922  1.06153  5.41938e+06  302281  78335.9  
19.3261  1.2493  1.04848  5.3988e+06  318451  82750.4  
19.5379  1.23996  1.03578  5.37737e+06  335270  87364.8  
19.7484  1.23122  1.0234  5.35504e+06  352770  92190.9  
19.9578  1.22309  1.01129  5.33177e+06  370985  97241.9  
20.1664  1.2156  0.999416  5.30751e+06  389957  102532  
20.3746  1.20879  0.987716  5.28219e+06  409729  108080  
20.5825  1.20269  0.976136  5.25574e+06  430354  113902  
20.7907  1.19738  0.9646  5.22809e+06  451891  120022  
20.9994  1.19294  0.953019  5.19913e+06  474408  126466  
21.2091  1.18945  0.941277  5.16875e+06  497986  133263  
21.4204  1.18705  0.929223  5.13683e+06  522722  140450  
21.6338  1.18591  0.916661  5.1032e+06  548732  148069  
21.8499  1.18624  0.903332  5.06767e+06  576157  156173  
22.0698  1.18835  0.88891  5.03e+06  605174  164828  
22.2943  1.19261  0.873025  4.98988e+06  636005  174118  
22.525  1.19952  0.855415  4.94691e+06  668937  184149  
22.7634  1.20972  0.836554  4.90059e+06  704344  195062  
23.0118  1.22385  0.819928  4.85025e+06  742713  207041  
23.2727  1.24202  0.819696  4.79505e+06  784633  220318  
23.5476  1.26161  0.878803  4.73426e+06  830620  235117  
23.8334  1.27177  1.05944  4.6682e+06  880384  251418  
24.1177  1.25316  1.29483  4.59961e+06  931799  268587  
24.3856  1.20236  1.39326  4.53237e+06  981963  285672  
24.6308  1.13795  1.33504  4.46858e+06  1.02931e+06  302113  
24.8547  1.07609  1.21804  4.40854e+06  1.07366e+06  317806  
25.0609  1.02278  1.10451  4.35173e+06  1.11542e+06  332851  
25.2531  0.978331  1.01195  4.29751e+06  1.1551e+06  347393  
25.4341  0.941249  0.939752  4.24534e+06  1.1931e+06  361562  
25.6061  0.90989  0.883257  4.1948e+06  1.22975e+06  375455  
25.7708  0.88292  0.838141  4.14557e+06  1.26528e+06  389148  
25.9292  0.859354  0.801213  4.09743e+06  1.29987e+06  402697  
26.0825  0.838481  0.770272  4.0502e+06  1.33365e+06  416146  
26.2311  0.819788  0.743816  4.00375e+06  1.36672e+06  429527  
26.3758  0.802897  0.720815  3.95796e+06  1.39917e+06  442868  
26.517  0.787524  0.700542  3.91277e+06  1.43104e+06  456191  
26.6552  0.773453  0.682475  3.86808e+06  1.46241e+06  469516  
26.7906  0.760515  0.666226  3.82385e+06  1.4933e+06  482857  
26.9236  0.748573  0.651504  3.78002e+06  1.52375e+06  496229  
27.0544  0.737519  0.638083  3.73655e+06  1.5538e+06  509646  
27.1832  0.727263  0.625784  3.69341e+06  1.58348e+06  523118  
27.3103  0.71773  0.614466  3.65055e+06  1.61279e+06  536656  
27.4358  0.70886  0.604013  3.60796e+06  1.64177e+06  550271  
27.5598  0.700599  0.59433  3.56559e+06  1.67043e+06  563971  
27.6827  0.692903  0.585339  3.52344e+06  1.69879e+06  577766  
27.8044  0.685734  0.576972  3.48148e+06  1.72686e+06  591665  
27.9251  0.67906  0.569176  3.43968e+06  1.75465e+06  605677  
28.045  0.672854  0.561901  3.39803e+06  1.78216e+06  619809  
28.1641  0.667091  0.555107  3.3565e+06  1.80943e+06  634071  
28.2826  0.661752  0.548759  3.31509e+06  1.83643e+06  648471  
28.4006  0.656819  0.542826  3.27378e+06  1.8632e+06  663018  
28.5181  0.652278  0.537283  3.23255e+06  1.88973e+06  677722  
28.6353  0.648116  0.532105  3.19138e+06  1.91603e+06  692590  
28.7523  0.644324  0.527274  3.15026e+06  1.94211e+06  707633  
28.8691  0.640893  0.52277  3.10917e+06  1.96797e+06  722861  
28.9859  0.637819  0.518579  3.06811e+06  1.99361e+06  738284  
29.1028  0.635095  0.514687  3.02705e+06  2.01904e+06  753912  
29.2198  0.632721  0.511081  2.98598e+06  2.04426e+06  769758  
29.337  0.630695  0.507752  2.94489e+06  2.06928e+06  785833  
29.4546  0.629019  0.504689  2.90375e+06  2.0941e+06  802151  
29.5726  0.627694  0.501884  2.86256e+06  2.11872e+06  818724  
29.6912  0.626727  0.49933  2.82129e+06  2.14314e+06  835568  
29.8104  0.626122  0.49702  2.77994e+06  2.16737e+06  852699  
29.9304  0.625891  0.494949  2.73847e+06  2.1914e+06  870133  
30.0513  0.626042  0.493111  2.69687e+06  2.21524e+06  887890  
30.1732  0.626591  0.491502  2.65512e+06  2.2389e+06  905989  
30.2962  0.627554  0.490117  2.61319e+06  2.26236e+06  924452  
30.4206  0.62895  0.488951  2.57106e+06  2.28563e+06  943304  
30.5464  0.630803  0.488002  2.52871e+06  2.30872e+06  962571  
30.6738  0.633141  0.487263  2.4861e+06  2.33161e+06  982284  
30.8031  0.635997  0.486731  2.44321e+06  2.35432e+06  1.00247e+06  
30.9344  0.63941  0.4864  2.39998e+06  2.37684e+06  1.02318e+06  
31.0679  0.643425  0.486265  2.35639e+06  2.39917e+06  1.04444e+06  
31.204  0.648097  0.486319  2.31239e+06  2.4213e+06  1.06631e+06  
31.3429  0.653491  0.486557  2.26793e+06  2.44324e+06  1.08883e+06  
31.4849  0.65968  0.486974  2.22294e+06  2.46499e+06  1.11207e+06  
31.6305  0.666756  0.487569  2.17737e+06  2.48653e+06  1.1361e+06  
31.7801  0.674821  0.488357  2.13113e+06  2.50787e+06  1.161e+06  
31.9341  0.683998  0.489376  2.08414e+06  2.529e+06  1.18686e+06  
32.0932  0.69442  0.490727  2.03629e+06  2.5499e+06  1.2138e+06  
32.2581  0.706232  0.49264  1.98749e+06  2.57057e+06  1.24195e+06  
32.4295  0.719559  0.495609  1.9376e+06  2.59097e+06  1.27143e+06  
32.6082  0.734464  0.500664  1.88652e+06  2.61106e+06  1.30243e+06  
32.7951  0.750824  0.509817  1.83416e+06  2.63077e+06  1.33508e+06  
32.9906  0.768117  0.52657  1.78053e+06  2.64997e+06  1.3695e+06  
33.1948  0.785078  0.555563  1.72582e+06  2.66848e+06  1.4057e+06  
33.4063  0.799451  0.599237  1.67057e+06  2.68599e+06  1.44344e+06  
33.6222  0.808465  0.651569  1.61564e+06  2.70213e+06  1.48222e+06  
33.8387  0.810389  0.697524  1.56209e+06  2.71658e+06  1.52133e+06  
34.0522  0.805817  0.72421  1.51075e+06  2.72916e+06  1.56009e+06  
34.2605  0.797069  0.730043  1.46209e+06  2.73984e+06  1.59807e+06  
34.4628  0.786634  0.721541  1.41617e+06  2.74874e+06  1.63508e+06  
34.6592  0.776254  0.706207  1.37285e+06  2.75603e+06  1.67112e+06  
34.8502  0.766843  0.689132  1.33189e+06  2.76185e+06  1.70626e+06  
35.0366  0.758746  0.672917  1.29303e+06  2.76636e+06  1.74061e+06  
35.2191  0.752003  0.658577  1.25604e+06  2.76968e+06  1.77428e+06  
35.3983  0.746522  0.646325  1.2207e+06  2.77192e+06  1.80738e+06  
35.5748  0.742164  0.636034  1.18686e+06  2.77315e+06  1.84e+06  
35.749  0.738793  0.627467  1.15435e+06  2.77344e+06  1.87221e+06  
35.9214  0.736282  0.620376  1.12305e+06  2.77285e+06  1.90409e+06  
36.0924  0.734527  0.614536  1.09288e+06  2.77143e+06  1.93569e+06  
36.2623  0.733439  0.609762  1.06372e+06  2.76922e+06  1.96706e+06  
36.4312  0.732946  0.605897  1.03551e+06  2.76625e+06  1.99824e+06  
36.5996  0.732989  0.602817  1.00818e+06  2.76256e+06  2.02926e+06  
36.7675  0.733518  0.60042  981676  2.75816e+06  2.06017e+06  
36.9352  0.734495  0.598624  955942  2.75308e+06  2.09098e+06  
37.1029  0.735885  0.59736  930936  2.74733e+06  2.12173e+06  
37.2708  0.737662  0.596573  906616  2.74095e+06  2.15244e+06  
37.4389  0.739805  0.596219  882948  2.73393e+06  2.18312e+06  
37.6075  0.742294  0.596259  859898  2.7263e+06  2.21381e+06  
37.7767  0.745115  0.596661  837437  2.71805e+06  2.24451e+06  
37.9466  0.748258  0.597401  815539  2.70922e+06  2.27525e+06  
38.1173  0.751712  0.598456  794179  2.69979e+06  2.30603e+06  
38.2891  0.755471  0.599808  773335  2.68978e+06  2.33688e+06  
38.4619  0.759529  0.601443  752987  2.6792e+06  2.36781e+06  
38.6359  0.763885  0.603348  733116  2.66805e+06  2.39884e+06  
38.8113  0.768536  0.605513  713705  2.65633e+06  2.42997e+06  
38.9882  0.773482  0.607931  694736  2.64405e+06  2.46121e+06  
39.1666  0.778725  0.610594  676195  2.63121e+06  2.49259e+06  
39.3468  0.784267  0.613499  658069  2.61782e+06  2.52411e+06  
39.5287  0.790113  0.616642  640343  2.60387e+06  2.55579e+06  
39.7127  0.796267  0.62002  623006  2.58937e+06  2.58763e+06  
39.8987  0.802735  0.623633  606046  2.57431e+06  2.61964e+06  
40.0869  0.809525  0.627481  589452  2.5587e+06  2.65185e+06  
40.2775  0.816646  0.631565  573213  2.54254e+06  2.68425e+06  
40.4705  0.824108  0.635886  557321  2.52581e+06  2.71687e+06  
40.6662  0.83192  0.640448  541765  2.50853e+06  2.74971e+06  
40.8647  0.840097  0.645255  526537  2.49069e+06  2.78278e+06  
41.066  0.848651  0.650311  511629  2.47228e+06  2.81609e+06  
41.2705  0.857598  0.655621  497033  2.4533e+06  2.84967e+06  
41.4783  0.866954  0.661191  482741  2.43375e+06  2.88351e+06  
41.6895  0.876736  0.66703  468746  2.41361e+06  2.91764e+06  
41.9043  0.886965  0.673145  455041  2.3929e+06  2.95206e+06  
42.123  0.897662  0.679545  441621  2.37159e+06  2.98679e+06  
42.3457  0.90885  0.686239  428477  2.34969e+06  3.02183e+06  
42.5726  0.920555  0.69324  415605  2.32718e+06  3.05722e+06  
42.8041  0.932803  0.700559  402999  2.30405e+06  3.09295e+06  
43.0403  0.945625  0.708209  390652  2.28031e+06  3.12904e+06  
43.2815  0.959053  0.716204  378561  2.25593e+06  3.16551e+06  
43.528  0.973122  0.724561  366719  2.2309e+06  3.20238e+06  
43.7801  0.987869  0.733298  355121  2.20522e+06  3.23966e+06  
44.0381  1.00334  0.742433  343764  2.17887e+06  3.27736e+06  
44.3024  1.01957  0.751987  332642  2.15185e+06  3.31551e+06  
44.5733  1.03661  0.761986  321751  2.12412e+06  3.35413e+06  
44.8512  1.05452  0.772454  311088  2.09569e+06  3.39322e+06  
45.1367  1.07335  0.783423  300647  2.06653e+06  3.43282e+06  
45.43  1.09315  0.794926  290426  2.03663e+06  3.47295e+06  
45.7318  1.114  0.807003  280420  2.00597e+06  3.51361e+06  
46.0426  1.13596  0.8197  270627  1.97453e+06  3.55485e+06  
46.3629  1.1591  0.83307  261044  1.94229e+06  3.59667e+06  
46.6934  1.18349  0.847178  251668  1.90923e+06  3.6391e+06  
47.0348  1.2092  0.862103  242497  1.87534e+06  3.68216e+06  
47.3877  1.23631  0.877941  233529  1.8406e+06  3.72587e+06  
47.7529  1.26489  0.894809  224763  1.80498e+06  3.77025e+06  
48.1312  1.29497  0.912855  216200  1.76849e+06  3.81531e+06  
48.5234  1.32661  0.93226  207838  1.7311e+06  3.86107e+06  
48.9304  1.35981  0.953245  199681  1.69281e+06  3.90751e+06  
49.3529  1.39454  0.976074  191730  1.65363e+06  3.95464e+06  
49.7918  1.4307  1.00105  183991  1.61357e+06  4.00244e+06  
50.2476  1.46814  1.02849  176471  1.57268e+06  4.05085e+06  
50.7209  1.5066  1.05868  169176  1.53101e+06  4.09982e+06  
51.2121  1.54572  1.09183  162118  1.48863e+06  4.14925e+06  
51.721  1.58507  1.12791  155308  1.44566e+06  4.19903e+06  
52.2475  1.62412  1.16662  148760  1.40224e+06  4.249e+06  
52.7907  1.66233  1.20728  142485  1.35853e+06  4.29899e+06  
53.3497  1.69921  1.24883  136497  1.31471e+06  4.3488e+06  
53.9233  1.73437  1.29001  130802  1.27097e+06  4.39823e+06  
54.5101  1.7676  1.32956  125407  1.2275e+06  4.44709e+06  
55.1086  1.79885  1.36645  120311  1.18448e+06  4.49521e+06  
55.7177  1.82828  1.40007  115511  1.14205e+06  4.54244e+06  
56.3363  1.85612  1.43022  110998  1.10033e+06  4.58867e+06  
56.9635  1.88271  1.45709  106761  1.05942e+06  4.63382e+06  
57.5987  1.90838  1.48108  102786  1.01938e+06  4.67783e+06  
58.2417  1.93345  1.50274  99057.7  980256  4.72069e+06  
58.8923  1.95818  1.52261  95561.6  942071  4.76237e+06  
59.5504  1.98282  1.54119  92281.7  904839  4.80288e+06  
60.2163  2.00755  1.55891  89203.2  868559  4.84224e+06  
60.8902  2.03249  1.57611  86311.9  833229  4.88046e+06  
61.5724  2.05778  1.59304  83594.4  798838  4.91757e+06  
62.2633  2.08348  1.60992  81038.5  765373  4.95359e+06  
62.9634  2.10966  1.62689  78632.8  732822  4.98855e+06  
63.6731  2.13636  1.64406  76366.7  701168  5.02247e+06  
64.393  2.16363  1.66149  74230.8  670397  5.05537e+06  
65.1235  2.1915  1.67926  72216.2  640495  5.08729e+06  
65.8653  2.21998  1.69738  70314.8  611446  5.11824e+06  
66.6189  2.24911  1.7159  68519.3  583236  5.14824e+06  
67.385  2.2789  1.73483  66822.9  555851  5.17733e+06  
68.1641  2.30938  1.75418  65219.4  529280  5.2055e+06  
68.9569  2.34057  1.77396  63703.1  503508  5.23279e+06  
69.7641  2.3725  1.79418  62268.7  478524  5.25921e+06  
70.5864  2.40519  1.81485  60911.4  454317  5.28477e+06  
71.4246  2.43866  1.83597  59626.7  430875  5.3095e+06  
72.2795  2.47295  1.85755  58410.6  408187  5.3334e+06  
73.1518  2.5081  1.8796  57259.2  386244  5.3565e+06  
74.0425  2.54415  1.90212  56168.9  365034  5.3788e+06  
74.9525  2.58113  1.92513  55136.6  344549  5.40031e+06  
75.8827  2.61909  1.94863  54159.2  324778  5.42106e+06  
76.8342  2.65808  1.97264  53233.8  305712  5.44105e+06  
77.8081  2.69817  1.99716  52357.8  287341  5.4603e+06  
78.8056  2.73941  2.02223  51528.8  269656  5.47882e+06  
79.828  2.78188  2.04784  50744.4  252647  5.49661e+06  
80.8765  2.82564  2.07403  50002.6  236306  5.51369e+06  
81.9526  2.87079  2.1008  49301.3  220623  5.53008e+06  
83.058  2.91742  2.12819  48638.6  205588  5.54577e+06  
84.1942  2.96563  2.15622  48012.8  191192  5.5608e+06  
85.3632  3.01554  2.18491  47422.2  177426  5.57515e+06  
86.5669  3.06727  2.21429  46865.3  164279  5.58886e+06  
87.8074  3.12096  2.2444  46340.6  151742  5.60192e+06  
89.0872  3.17677  2.27526  45846.6  139806  5.61435e+06  
90.4088  3.23488  2.3069  45382.2  128459  5.62616e+06  
91.775  3.29548  2.33937  44946  117692  5.63736e+06  
93.189  3.35879  2.3727  44536.9  107494  5.64797e+06  
94.6543  3.42506  2.40693  44153.7  97854.7  5.65799e+06  
96.1746  3.49457  2.44209  43795.5  88762.7  5.66744e+06  
97.7543  3.56763  2.47823  43461.1  80207  5.67633e+06  
99.3981  3.6446  2.51537  43149.7  72176  5.68467e+06  
