0  0.458372  8.19398e-05  5.79797e+06  2021.78  3.35145  
0.205397  1.3138  0.0494806  5.79776e+06  2209.89  32.304  
0.648334  1.92913  0.593354  5.79722e+06  2677.11  104.22  
1.21337  2.17854  1.55694  5.79636e+06  3418.86  218.409  
1.79718  2.21401  2.20459  5.79523e+06  4401.5  369.71  
2.3524  2.15858  2.41299  5.79385e+06  5596.62  553.775  
2.86536  2.07426  2.37922  5.79224e+06  6987.04  767.981  
3.33625  1.98674  2.25822  5.79042e+06  8565.11  1011.18  
3.7695  1.90501  2.12133  5.78839e+06  10329.4  1283.19  
4.17016  1.83127  1.99362  5.78613e+06  12282.2  1584.37  
4.54279  1.76529  1.88123  5.78366e+06  14427.2  1915.37  
4.89121  1.70617  1.78378  5.78095e+06  16769.2  2276.96  
5.21855  1.65291  1.69918  5.77802e+06  19313.4  2669.97  
5.52738  1.60463  1.6252  5.77484e+06  22064.9  3095.27  
5.81983  1.56059  1.55992  5.77142e+06  25028.9  3553.72  
6.09769  1.52019  1.50181  5.76774e+06  28210.7  4046.22  
6.36247  1.48294  1.44967  5.76381e+06  31615.6  4573.63  
6.61543  1.44845  1.40253  5.75961e+06  35248.8  5136.87  
6.85769  1.41638  1.35965  5.75515e+06  39115.4  5736.83  
7.09021  1.38645  1.32041  5.7504e+06  43220.8  6374.42  
7.3138  1.35844  1.28433  5.74538e+06  47570.3  7050.57  
7.52922  1.33214  1.25099  5.74006e+06  52169.1  7766.24  
7.73711  1.30738  1.22008  5.73445e+06  57022.7  8522.39  
7.93805  1.28402  1.19129  5.72854e+06  62136.5  9320  
8.13255  1.26193  1.16441  5.72232e+06  67516.1  10160.1  
8.32108  1.241  1.13922  5.71579e+06  73167  11043.7  
8.50405  1.22114  1.11556  5.70893e+06  79095.1  11971.9  
8.68185  1.20225  1.09327  5.70175e+06  85306.1  12945.8  
8.85482  1.18427  1.07223  5.69423e+06  91806  13966.5  
9.02328  1.16712  1.05231  5.68636e+06  98601.1  15035.2  
9.18751  1.15075  1.03344  5.67815e+06  105698  16153.1  
9.34777  1.1351  1.0155  5.66958e+06  113102  17321.6  
9.50433  1.12013  0.998438  5.66064e+06  120821  18541.8  
9.65739  1.10579  0.982174  5.65132e+06  128861  19815.3  
9.80718  1.09205  0.966647  5.64163e+06  137230  21143.4  
9.95388  1.07886  0.951804  5.63154e+06  145935  22527.7  
10.0977  1.0662  0.937595  5.62105e+06  154984  23969.7  
10.2388  1.05404  0.923975  5.61014e+06  164385  25471.1  
10.3773  1.04236  0.910904  5.59882e+06  174147  27033.6  
10.5133  1.03112  0.898345  5.58706e+06  184277  28659.1  
10.6472  1.02032  0.886265  5.57486e+06  194786  30349.5  
10.7789  1.00993  0.874633  5.56221e+06  205684  32107  
10.9085  0.999929  0.863422  5.54909e+06  216979  33933.6  
11.0363  0.990314  0.852605  5.53548e+06  228685  35831.7  
11.1624  0.981067  0.84216  5.52139e+06  240811  37803.8  
11.2868  0.972178  0.832064  5.50678e+06  253370  39852.5  
11.4096  0.963637  0.822296  5.49164e+06  266376  41980.7  
11.5311  0.955437  0.812837  5.47597e+06  279842  44191.5  
11.6512  0.947571  0.80367  5.45973e+06  293783  46488  
11.7701  0.940036  0.794776  5.44291e+06  308215  48873.9  
11.8879  0.93283  0.786139  5.42549e+06  323157  51353  
12.0048  0.925951  0.777744  5.40744e+06  338626  53929.5  
12.1207  0.919402  0.769573  5.38875e+06  354644  56607.9  
12.2358  0.913187  0.76161  5.36937e+06  371233  59393.3  
12.3503  0.907313  0.75384  5.34929e+06  388417  62291  
12.4642  0.901788  0.746243  5.32847e+06  406223  65307.2  
12.5776  0.896626  0.738802  5.30687e+06  424683  68448.6  
12.6907  0.891844  0.731495  5.28445e+06  443830  71722.7  
12.8036  0.887463  0.724297  5.26116e+06  463701  75138  
12.9165  0.883512  0.717178  5.23696e+06  484339  78703.9  
13.0294  0.880026  0.710103  5.21178e+06  505792  82431.3  
13.1427  0.87705  0.703028  5.18555e+06  528117  86332.7  
13.2563  0.874638  0.695892  5.1582e+06  551379  90422.4  
13.3707  0.872864  0.688621  5.12963e+06  575652  94717.3  
13.4859  0.87182  0.681107  5.09974e+06  601026  99237.3  
13.6024  0.871625  0.673207  5.06838e+06  627610  104006  
13.7204  0.872439  0.664714  5.03541e+06  655534  109054  
13.8404  0.874473  0.655329  5.00062e+06  684963  114415  
13.9629  0.878023  0.644612  4.96376e+06  716104  120137  
14.0887  0.883498  0.631912  4.92449e+06  749227  126279  
14.2186  0.891492  0.616303  4.88238e+06  784696  132920  
14.354  0.902874  0.596676  4.83681e+06  823015  140172  
14.4966  0.918908  0.573032  4.7869e+06  864909  148194  
14.649  0.941169  0.554752  4.73135e+06  911426  157220  
14.8143  0.969647  0.601361  4.66857e+06  963878  167550  
14.9913  0.991495  0.860118  4.59839e+06  1.02234e+06  179263  
15.1654  0.971977  1.17698  4.52632e+06  1.0822e+06  191480  
15.3232  0.914682  1.21109  4.45851e+06  1.13834e+06  203154  
15.4629  0.852102  1.07715  4.39645e+06  1.18956e+06  213993  
15.588  0.799127  0.934893  4.33929e+06  1.2366e+06  224114  
15.7024  0.757254  0.826748  4.2858e+06  1.2805e+06  233706  
15.8086  0.724176  0.749745  4.23502e+06  1.32206e+06  242924  
15.9087  0.697438  0.694256  4.18627e+06  1.36185e+06  251876  
16.0039  0.675214  0.652785  4.13911e+06  1.40025e+06  260638  
16.095  0.656272  0.620507  4.0932e+06  1.43754e+06  269264  
16.1829  0.639792  0.594446  4.04833e+06  1.47389e+06  277789  
16.2679  0.625223  0.57276  4.00432e+06  1.50944e+06  286241  
16.3504  0.612186  0.55428  3.96105e+06  1.54431e+06  294643  
16.4308  0.600407  0.538235  3.91842e+06  1.57857e+06  303011  
16.5093  0.589686  0.524102  3.87635e+06  1.61229e+06  311358  
16.5861  0.579871  0.511508  3.83478e+06  1.64552e+06  319697  
16.6614  0.570844  0.500182  3.79365e+06  1.67832e+06  328037  
16.7353  0.56251  0.48992  3.75291e+06  1.71071e+06  336386  
16.808  0.554793  0.480565  3.71252e+06  1.74272e+06  344753  
16.8795  0.547632  0.471993  3.67246e+06  1.7744e+06  353144  
16.9501  0.540973  0.464106  3.63268e+06  1.80575e+06  361566  
17.0198  0.534774  0.456824  3.59317e+06  1.83681e+06  370024  
17.0886  0.528998  0.450081  3.55389e+06  1.86759e+06  378523  
17.1567  0.523614  0.443822  3.51483e+06  1.8981e+06  387070  
17.2241  0.518595  0.438001  3.47597e+06  1.92837e+06  395669  
17.2909  0.513918  0.432579  3.43728e+06  1.9584e+06  404324  
17.3572  0.509563  0.427523  3.39875e+06  1.98821e+06  413040  
17.4229  0.505512  0.422805  3.36037e+06  2.0178e+06  421823  
17.4883  0.501751  0.4184  3.32213e+06  2.0472e+06  430676  
17.5532  0.498268  0.414287  3.28399e+06  2.0764e+06  439603  
17.6178  0.495049  0.410447  3.24596e+06  2.10542e+06  448611  
17.6822  0.492087  0.406863  3.20803e+06  2.13427e+06  457703  
17.7463  0.489372  0.403522  3.17017e+06  2.16295e+06  466883  
17.8102  0.486898  0.400411  3.13238e+06  2.19147e+06  476157  
17.8739  0.484658  0.397519  3.09464e+06  2.21983e+06  485530  
17.9375  0.482648  0.394836  3.05695e+06  2.24804e+06  495007  
18.0011  0.480864  0.392353  3.01929e+06  2.27611e+06  504592  
18.0646  0.479302  0.390063  2.98166e+06  2.30405e+06  514292  
18.1282  0.477961  0.387959  2.94404e+06  2.33185e+06  524112  
18.1918  0.47684  0.386035  2.90642e+06  2.35953e+06  534058  
18.2555  0.475939  0.384285  2.86878e+06  2.38708e+06  544136  
18.3193  0.475256  0.382706  2.83113e+06  2.41452e+06  554354  
18.3833  0.474796  0.381292  2.79344e+06  2.44184e+06  564717  
18.4476  0.474558  0.380041  2.75571e+06  2.46906e+06  575235  
18.5121  0.474548  0.378949  2.71792e+06  2.49617e+06  585913  
18.5769  0.474769  0.378014  2.68006e+06  2.52318e+06  596762  
18.6421  0.475227  0.377232  2.64211e+06  2.5501e+06  607789  
18.7078  0.475928  0.376603  2.60407e+06  2.57693e+06  619006  
18.7739  0.47688  0.376124  2.56591e+06  2.60367e+06  630421  
18.8405  0.478094  0.375794  2.52762e+06  2.63033e+06  642048  
18.9078  0.479579  0.37561  2.48919e+06  2.65692e+06  653898  
18.9757  0.48135  0.375572  2.45058e+06  2.68343e+06  665984  
19.0443  0.483422  0.375677  2.4118e+06  2.70988e+06  678323  
19.1137  0.485812  0.375924  2.3728e+06  2.73627e+06  690929  
19.1841  0.488542  0.376309  2.33357e+06  2.76261e+06  703822  
19.2554  0.491637  0.37683  2.29408e+06  2.7889e+06  717021  
19.3278  0.495126  0.377481  2.25429e+06  2.81516e+06  730549  
19.4014  0.499044  0.378255  2.21419e+06  2.84138e+06  744432  
19.4764  0.503431  0.379143  2.17372e+06  2.86758e+06  758697  
19.5528  0.508337  0.380133  2.13284e+06  2.89378e+06  773378  
19.6309  0.513821  0.381206  2.09151e+06  2.91998e+06  788512  
19.7109  0.519957  0.382336  2.04966e+06  2.9462e+06  804144  
19.7929  0.526832  0.383488  2.00722e+06  2.97246e+06  820324  
19.8772  0.534558  0.384611  1.96411e+06  2.99878e+06  837113  
19.9642  0.543275  0.385638  1.92024e+06  3.02518e+06  854583  
20.0543  0.55316  0.386476  1.87547e+06  3.0517e+06  872824  
20.1479  0.564441  0.38701  1.82967e+06  3.07838e+06  891944  
20.2455  0.577416  0.38712  1.78265e+06  3.10527e+06  912079  
20.3481  0.592467  0.386763  1.73417e+06  3.13243e+06  933403  
20.4565  0.61007  0.386284  1.68393e+06  3.15994e+06  956138  
20.5719  0.630747  0.387434  1.63157e+06  3.18787e+06  980564  
20.6958  0.654778  0.396513  1.57672e+06  3.21627e+06  1.00701e+06  
20.8292  0.681125  0.430977  1.51922e+06  3.24504e+06  1.03574e+06  
20.9713  0.704838  0.515764  1.45975e+06  3.27363e+06  1.06662e+06  
21.1172  0.716347  0.632033  1.40061e+06  3.30079e+06  1.0986e+06  
21.2603  0.711205  0.70598  1.34453e+06  3.32527e+06  1.1302e+06  
21.3964  0.695689  0.712936  1.2929e+06  3.34662e+06  1.16048e+06  
21.525  0.677699  0.683586  1.2457e+06  3.36506e+06  1.18925e+06  
21.6469  0.661382  0.646379  1.20232e+06  3.38102e+06  1.21665e+06  
21.7633  0.647922  0.613197  1.16212e+06  3.39493e+06  1.24295e+06  
21.8755  0.637215  0.586609  1.12453e+06  3.40709e+06  1.26838e+06  
21.9842  0.62879  0.565966  1.08911e+06  3.41776e+06  1.29313e+06  
22.0903  0.622164  0.549969  1.05555e+06  3.42711e+06  1.31733e+06  
22.1943  0.616948  0.537449  1.02359e+06  3.4353e+06  1.34111e+06  
22.2965  0.612845  0.527521  993041  3.44242e+06  1.36454e+06  
22.3973  0.609634  0.519551  963747  3.44855e+06  1.3877e+06  
22.4969  0.607154  0.513085  935587  3.45378e+06  1.41063e+06  
22.5957  0.605282  0.507802  908460  3.45815e+06  1.43339e+06  
22.6937  0.603925  0.503466  882281  3.46172e+06  1.456e+06  
22.7912  0.60301  0.499904  856979  3.46452e+06  1.4785e+06  
22.8882  0.602482  0.496984  832492  3.46659e+06  1.50092e+06  
22.985  0.602295  0.494607  808767  3.46795e+06  1.52328e+06  
23.0815  0.602412  0.492692  785758  3.46864e+06  1.5456e+06  
23.1779  0.602803  0.491179  763424  3.46868e+06  1.5679e+06  
23.2743  0.603445  0.490015  741729  3.46808e+06  1.59019e+06  
23.3708  0.604317  0.489161  720640  3.46686e+06  1.6125e+06  
23.4675  0.605403  0.488584  700128  3.46504e+06  1.63483e+06  
23.5643  0.606687  0.488255  680166  3.46263e+06  1.6572e+06  
23.6615  0.608159  0.488152  660731  3.45965e+06  1.67962e+06  
23.759  0.609809  0.488255  641801  3.4561e+06  1.7021e+06  
23.857  0.611629  0.488547  623356  3.45199e+06  1.72465e+06  
23.9554  0.613612  0.489016  605376  3.44734e+06  1.74728e+06  
24.0543  0.615753  0.48965  587846  3.44215e+06  1.77001e+06  
24.1539  0.618046  0.490439  570750  3.43642e+06  1.79283e+06  
24.2541  0.62049  0.491374  554073  3.43016e+06  1.81576e+06  
24.355  0.623081  0.492448  537800  3.42338e+06  1.83882e+06  
24.4566  0.625818  0.493656  521921  3.41608e+06  1.86199e+06  
24.5591  0.628699  0.494992  506421  3.40827e+06  1.88531e+06  
24.6625  0.631723  0.496452  491292  3.39994e+06  1.90876e+06  
24.7668  0.634892  0.498034  476521  3.39111e+06  1.93237e+06  
24.872  0.638206  0.499734  462099  3.38176e+06  1.95614e+06  
24.9783  0.641666  0.50155  448016  3.37191e+06  1.98007e+06  
25.0858  0.645273  0.503482  434265  3.36155e+06  2.00418e+06  
25.1943  0.649031  0.505526  420835  3.35069e+06  2.02847e+06  
25.3041  0.652941  0.507685  407720  3.33932e+06  2.05296e+06  
25.4152  0.657008  0.509956  394911  3.32745e+06  2.07764e+06  
25.5276  0.661235  0.512341  382402  3.31506e+06  2.10253e+06  
25.6415  0.665626  0.514841  370185  3.30217e+06  2.12764e+06  
25.7568  0.670187  0.517456  358254  3.28877e+06  2.15298e+06  
25.8736  0.674923  0.520188  346603  3.27485e+06  2.17855e+06  
25.9921  0.67984  0.523039  335224  3.26041e+06  2.20436e+06  
26.1123  0.684944  0.526011  324114  3.24546e+06  2.23043e+06  
26.2343  0.690243  0.529108  313265  3.22998e+06  2.25676e+06  
26.3581  0.695746  0.532331  302672  3.21397e+06  2.28336e+06  
26.4839  0.701459  0.535685  292331  3.19743e+06  2.31024e+06  
26.6118  0.707394  0.539174  282236  3.18035e+06  2.33742e+06  
26.7417  0.713559  0.5428  272383  3.16272e+06  2.3649e+06  
26.874  0.719968  0.54657  262766  3.14454e+06  2.39269e+06  
27.0085  0.72663  0.550489  253382  3.1258e+06  2.42082e+06  
27.1455  0.73356  0.554561  244225  3.10649e+06  2.44928e+06  
27.2851  0.740772  0.558793  235291  3.08661e+06  2.4781e+06  
27.4274  0.748282  0.563191  226577  3.06614e+06  2.50729e+06  
27.5726  0.756105  0.567763  218078  3.04507e+06  2.53685e+06  
27.7207  0.764261  0.572516  209790  3.02339e+06  2.56681e+06  
27.8719  0.772769  0.577458  201710  3.0011e+06  2.59719e+06  
28.0265  0.78165  0.582599  193834  2.97818e+06  2.62799e+06  
28.1845  0.79093  0.587947  186158  2.9546e+06  2.65924e+06  
28.3462  0.800632  0.593514  178678  2.93037e+06  2.69095e+06  
28.5117  0.810786  0.599311  171392  2.90546e+06  2.72315e+06  
28.6813  0.821421  0.60535  164295  2.87985e+06  2.75585e+06  
28.8551  0.832572  0.611645  157385  2.85353e+06  2.78908e+06  
29.0335  0.844276  0.618209  150658  2.82648e+06  2.82286e+06  
29.2168  0.856572  0.62506  144111  2.79867e+06  2.85722e+06  
29.4051  0.869506  0.632214  137741  2.77008e+06  2.89218e+06  
29.5989  0.883126  0.63969  131545  2.74068e+06  2.92777e+06  
29.7984  0.897486  0.647512  125521  2.71045e+06  2.96403e+06  
30.0041  0.912645  0.655702  119664  2.67936e+06  3.00098e+06  
30.2163  0.928668  0.664288  113973  2.64737e+06  3.03866e+06  
30.4355  0.945626  0.673304  108445  2.61445e+06  3.07711e+06  
30.6622  0.963598  0.682787  103077  2.58055e+06  3.11637e+06  
30.897  0.982668  0.692783  97866.5  2.54565e+06  3.15648e+06  
31.1404  1.00293  0.70335  92811.5  2.50969e+06  3.19749e+06  
31.393  1.02448  0.714558  87909.6  2.47263e+06  3.23946e+06  
31.6557  1.04742  0.726503  83159.1  2.43442e+06  3.28242e+06  
31.9291  1.07185  0.739306  78558.2  2.39501e+06  3.32643e+06  
32.2141  1.09788  0.753137  74105.7  2.35434e+06  3.37155e+06  
32.5116  1.1256  0.768221  69800.9  2.31237e+06  3.41783e+06  
32.8226  1.15506  0.784868  65643.5  2.26904e+06  3.46532e+06  
33.148  1.18629  0.803497  61634.4  2.22431e+06  3.51406e+06  
33.4887  1.21922  0.82465  57775.3  2.17817e+06  3.56406e+06  
33.8457  1.25368  0.848991  54069.5  2.13061e+06  3.61532e+06  
34.2195  1.28933  0.87724  50521.7  2.08167e+06  3.6678e+06  
34.6105  1.32565  0.910003  47138.2  2.03145e+06  3.72141e+06  
35.0185  1.36191  0.947478  43926.8  1.9801e+06  3.77597e+06  
35.443  1.39725  0.989095  40895.6  1.92784e+06  3.83127e+06  
35.8827  1.43079  1.0333  38052.3  1.87496e+06  3.88699e+06  
36.3357  1.46181  1.07769  35402.2  1.82178e+06  3.94282e+06  
36.8002  1.48993  1.11966  32946.7  1.76865e+06  3.99841e+06  
37.2742  1.51517  1.15714  30683.1  1.71587e+06  4.05345e+06  
37.7558  1.53788  1.18907  28604.2  1.66369e+06  4.1077e+06  
38.2437  1.5586  1.21548  26699.8  1.61232e+06  4.16098e+06  
38.737  1.57795  1.23711  24957.4  1.56187e+06  4.21317e+06  
39.235  1.59648  1.25506  23363.7  1.51244e+06  4.2642e+06  
39.7375  1.61463  1.27042  21905.2  1.46405e+06  4.31405e+06  
40.2443  1.63275  1.28412  20569.3  1.41672e+06  4.36271e+06  
40.7555  1.65109  1.29689  19344  1.37045e+06  4.4102e+06  
41.2714  1.6698  1.30926  18218.6  1.32523e+06  4.45656e+06  
41.7923  1.68898  1.32158  17183.2  1.28102e+06  4.5018e+06  
42.3184  1.7087  1.33409  16229.3  1.2378e+06  4.54597e+06  
42.8501  1.72898  1.34693  15349.1  1.19556e+06  4.58909e+06  
43.3877  1.74986  1.36018  14535.7  1.15427e+06  4.6312e+06  
43.9317  1.77132  1.3739  13782.9  1.1139e+06  4.67232e+06  
44.4823  1.79336  1.3881  13085.4  1.07443e+06  4.71248e+06  
45.0401  1.81599  1.40279  12438.2  1.03585e+06  4.75171e+06  
45.6052  1.83918  1.41797  11836.9  998138  4.79003e+06  
46.1782  1.86295  1.43362  11277.8  961278  4.82744e+06  
46.7594  1.88726  1.44973  10757.3  925257  4.86399e+06  
47.3491  1.91213  1.46629  10272.2  890061  4.89967e+06  
47.9478  1.93755  1.48327  9819.8  855679  4.9345e+06  
48.5558  1.9635  1.50068  9397.4  822100  4.9685e+06  
49.1736  1.99  1.51849  9002.73  789315  5.00168e+06  
49.8016  2.01704  1.53669  8633.68  757315  5.03405e+06  
50.4401  2.04463  1.55528  8288.33  726091  5.06562e+06  
51.0897  2.07276  1.57424  7964.93  695636  5.0964e+06  
51.7507  2.10146  1.59358  7661.9  665943  5.12639e+06  
52.4236  2.13071  1.61327  7377.79  637006  5.15562e+06  
53.1089  2.16055  1.63333  7111.25  608818  5.18407e+06  
53.8071  2.19097  1.65374  6861.08  581372  5.21177e+06  
54.5188  2.222  1.67451  6626.15  554664  5.23871e+06  
55.2444  2.25366  1.69564  6405.44  528687  5.26491e+06  
55.9845  2.28596  1.71713  6198  503436  5.29037e+06  
56.7397  2.31892  1.73898  6002.97  478906  5.31509e+06  
57.5108  2.35258  1.7612  5819.53  455090  5.33909e+06  
58.2982  2.38696  1.78379  5646.96  431983  5.36237e+06  
59.1028  2.4221  1.80676  5484.57  409580  5.38494e+06  
59.9253  2.45803  1.83012  5331.72  387876  5.40679e+06  
60.7664  2.49478  1.85387  5187.84  366863  5.42795e+06  
61.6271  2.53241  1.87804  5052.37  346538  5.44841e+06  
62.5082  2.57096  1.90264  4924.83  326892  5.46818e+06  
63.4106  2.61049  1.92767  4804.74  307922  5.48727e+06  
64.3354  2.65105  1.95316  4691.68  289619  5.50569e+06  
65.2838  2.6927  1.97912  4585.23  271979  5.52344e+06  
66.2568  2.73551  2.00557  4485.04  254993  5.54052e+06  
67.2557  2.77957  2.03254  4390.75  238656  5.55695e+06  
68.282  2.82495  2.06003  4302.03  222959  5.57274e+06  
69.337  2.87175  2.08809  4218.6  207897  5.58788e+06  
70.4223  2.92007  2.11673  4140.16  193461  5.6024e+06  
71.5398  2.97002  2.14599  4066.45  179643  5.61629e+06  
72.6912  3.02173  2.17589  3997.23  166436  5.62957e+06  
73.8787  3.07533  2.20646  3932.27  153830  5.64224e+06  
75.1044  3.13099  2.23774  3871.36  141818  5.65431e+06  
76.3708  3.18888  2.26976  3814.29  130391  5.6658e+06  
77.6806  3.24917  2.30256  3760.88  119538  5.6767e+06  
79.0369  3.3121  2.33618  3710.95  109252  5.68704e+06  
80.4428  3.37791  2.37065  3664.32  99521.3  5.69681e+06  
81.902  3.44686  2.40601  3620.86  90336.7  5.70604e+06  
83.4186  3.51926  2.44231  3580.4  81687.5  5.71473e+06  
84.9972  3.59547  2.47957  3542.81  73563  5.72289e+06  
86.6428  3.67589  2.51783  3507.95  65952  5.73054e+06  
88.3613  3.76098  2.55713  3475.71  58842.9  5.73768e+06  
90.1591  3.85128  2.59747  3445.95  52224  5.74433e+06  
92.0438  3.9474  2.63887  3418.58  46083  5.7505e+06  
94.0239  4.05006  2.68132  3393.47  40407.1  5.7562e+06  
96.1093  4.16011  2.72477  3370.52  35183.2  5.76145e+06  
98.3115  4.27857  2.76915  3349.64  30397.9  5.76625e+06  
