0  0.45837  0.000792692  5.79795e+06  2047.2  3.37251  
0.116464  0.989288  0.0888581  5.7977e+06  2282.16  20.1623  
0.318566  1.30309  0.554681  5.79719e+06  2755.55  53.9919  
0.556266  1.41302  1.11919  5.79646e+06  3439.26  102.857  
0.795632  1.41774  1.42678  5.79554e+06  4299.13  164.322  
1.02267  1.38049  1.50561  5.79445e+06  5312.43  236.767  
1.23373  1.33073  1.47405  5.79321e+06  6467.3  319.352  
1.42917  1.28026  1.40523  5.79183e+06  7759.21  411.759  
1.61056  1.23307  1.33052  5.7903e+06  9187.8  513.969  
1.77965  1.19013  1.26075  5.78862e+06  10754.8  626.119  
1.93797  1.1513  1.19856  5.78679e+06  12463.2  748.42  
2.08688  1.11614  1.1438  5.7848e+06  14316  881.115  
2.22748  1.08416  1.09553  5.78266e+06  16316.9  1024.46  
2.3607  1.05491  1.05273  5.78035e+06  18469.2  1178.73  
2.48733  1.02803  1.0145  5.77788e+06  20776.6  1344.18  
2.60802  1.0032  0.980109  5.77524e+06  23242.5  1521.08  
2.72335  0.98017  0.948958  5.77242e+06  25870.3  1709.7  
2.8338  0.958728  0.920572  5.76943e+06  28663.6  1910.29  
2.9398  0.938694  0.894562  5.76625e+06  31625.7  2123.14  
3.04172  0.919917  0.870615  5.76289e+06  34760.1  2348.5  
3.13989  0.902266  0.848469  5.75934e+06  38070.2  2586.64  
3.23459  0.885633  0.82791  5.7556e+06  41559.4  2837.85  
3.32608  0.86992  0.808754  5.75167e+06  45231.2  3102.38  
3.4146  0.855045  0.790848  5.74753e+06  49089  3380.53  
3.50035  0.840935  0.774062  5.74319e+06  53136.3  3672.57  
3.58352  0.827526  0.758282  5.73864e+06  57376.6  3978.79  
3.66428  0.814762  0.743411  5.73389e+06  61813.3  4299.48  
3.74277  0.802592  0.729365  5.72891e+06  66450.2  4634.93  
3.81915  0.790972  0.71607  5.72372e+06  71290.7  4985.45  
3.89353  0.779862  0.703459  5.71831e+06  76338.5  5351.35  
3.96604  0.769226  0.691477  5.71267e+06  81597.3  5732.93  
4.03679  0.759032  0.680073  5.7068e+06  87070.9  6130.54  
4.10587  0.749251  0.6692  5.70069e+06  92763.1  6544.48  
4.17337  0.739856  0.658819  5.69435e+06  98677.8  6975.11  
4.23939  0.730823  0.648893  5.68776e+06  104819  7422.78  
4.30399  0.722131  0.63939  5.68092e+06  111191  7887.84  
4.36727  0.71376  0.63028  5.67383e+06  117797  8370.67  
4.42928  0.705692  0.621537  5.66649e+06  124643  8871.64  
4.49008  0.697911  0.613137  5.65888e+06  131731  9391.16  
4.54975  0.6904  0.605058  5.651e+06  139068  9929.64  
4.60834  0.683147  0.59728  5.64286e+06  146657  10487.5  
4.6659  0.676139  0.589784  5.63443e+06  154503  11065.2  
4.72247  0.669364  0.582554  5.62572e+06  162612  11663.1  
4.77812  0.662812  0.575575  5.61673e+06  170988  12281.8  
4.83289  0.656471  0.568832  5.60744e+06  179636  12921.8  
4.88682  0.650335  0.562313  5.59785e+06  188562  13583.5  
4.93994  0.644394  0.556005  5.58796e+06  197772  14267.5  
4.99231  0.63864  0.549897  5.57775e+06  207272  14974.4  
5.04395  0.633067  0.543979  5.56723e+06  217067  15704.7  
5.09491  0.627669  0.538243  5.55638e+06  227164  16459.2  
5.14521  0.622439  0.532677  5.54519e+06  237570  17238.3  
5.1949  0.617374  0.527276  5.53366e+06  248292  18042.9  
5.244  0.612467  0.52203  5.52179e+06  259337  18873.6  
5.29255  0.607715  0.516933  5.50956e+06  270714  19731.3  
5.34058  0.603114  0.511978  5.49695e+06  282429  20616.6  
5.38811  0.598662  0.507159  5.48398e+06  294492  21530.5  
5.43517  0.594355  0.502469  5.47061e+06  306912  22473.9  
5.4818  0.590191  0.497904  5.45685e+06  319699  23447.8  
5.52802  0.58617  0.493457  5.44268e+06  332863  24453  
5.57387  0.582289  0.489124  5.4281e+06  346414  25490.9  
5.61936  0.578549  0.484899  5.41307e+06  360365  26562.5  
5.66452  0.574949  0.480779  5.3976e+06  374727  27669.1  
5.70939  0.571491  0.476758  5.38167e+06  389515  28812  
5.754  0.568175  0.472832  5.36526e+06  404743  29992.7  
5.79836  0.565003  0.468997  5.34836e+06  420426  31212.8  
5.84251  0.56198  0.465247  5.33094e+06  436582  32474  
5.88649  0.559109  0.461578  5.31299e+06  453228  33778.2  
5.93031  0.556395  0.457985  5.29449e+06  470384  35127.4  
5.97403  0.553844  0.454461  5.2754e+06  488074  36523.8  
6.01766  0.551464  0.451002  5.25571e+06  506320  37969.8  
6.06124  0.549265  0.447599  5.23538e+06  525149  39468.3  
6.10483  0.54726  0.444244  5.21439e+06  544592  41022.1  
6.14844  0.545461  0.440927  5.19268e+06  564682  42634.8  
6.19214  0.543887  0.437635  5.17023e+06  585455  44310  
6.23598  0.542559  0.434351  5.14699e+06  606955  46052.1  
6.28  0.541504  0.431056  5.1229e+06  629229  47866  
6.32428  0.540753  0.427721  5.09791e+06  652334  49757.3  
6.36888  0.54035  0.424309  5.07193e+06  676334  51732.5  
6.41389  0.540344  0.420768  5.04489e+06  701306  53799.3  
6.45941  0.540803  0.417024  5.01669e+06  727340  55966.9  
6.50556  0.541814  0.412973  4.98721e+06  754546  58246.2  
6.55248  0.543494  0.408456  4.95629e+06  783060  60650.9  
6.60036  0.546001  0.403231  4.92375e+06  813051  63197.7  
6.64942  0.549558  0.396913  4.88935e+06  844738  65908.5  
6.69997  0.554494  0.388862  4.85277e+06  878413  68812.1  
6.75246  0.561309  0.377963  4.81357e+06  914479  71948.4  
6.8075  0.570814  0.362176  4.7711e+06  953525  75375.3  
6.86609  0.584426  0.337706  4.72435e+06  996471  79183.1  
6.92993  0.604844  0.299333  4.67158e+06  1.0449e+06  83526.4  
7.00224  0.637318  0.279603  4.60949e+06  1.10181e+06  88699.6  
7.08664  0.680354  0.642093  4.53391e+06  1.171e+06  95092.5  
7.16799  0.660059  1.0812  4.45789e+06  1.24048e+06  101630  
7.2363  0.598741  0.962159  4.39168e+06  1.30091e+06  107417  
7.29394  0.545224  0.751212  4.33414e+06  1.35335e+06  112516  
7.34449  0.50664  0.610068  4.28245e+06  1.40039e+06  117155  
7.39032  0.479106  0.525271  4.23459e+06  1.44391e+06  121501  
7.43288  0.458633  0.472551  4.18934e+06  1.48501e+06  125655  
7.473  0.442617  0.437441  4.14596e+06  1.52436e+06  129680  
7.51123  0.429518  0.412323  4.10399e+06  1.56239e+06  133614  
7.54793  0.418429  0.393205  4.06315e+06  1.59937e+06  137481  
7.58333  0.408803  0.377923  4.02323e+06  1.63547e+06  141298  
7.61763  0.400296  0.365253  3.98409e+06  1.67083e+06  145079  
7.65097  0.392677  0.354462  3.94562e+06  1.70555e+06  148831  
7.68347  0.385786  0.345088  3.90772e+06  1.73972e+06  152563  
7.71521  0.379507  0.33682  3.87033e+06  1.77339e+06  156280  
7.74628  0.373752  0.329445  3.8334e+06  1.80661e+06  159987  
7.77674  0.368452  0.322805  3.79687e+06  1.83944e+06  163689  
7.80665  0.363553  0.316782  3.76071e+06  1.8719e+06  167390  
7.83606  0.359012  0.311287  3.72488e+06  1.90403e+06  171091  
7.86502  0.354792  0.306249  3.68935e+06  1.93585e+06  174798  
7.89356  0.350863  0.301609  3.65409e+06  1.9674e+06  178510  
7.92171  0.347199  0.297322  3.61909e+06  1.99868e+06  182233  
7.94952  0.34378  0.29335  3.58431e+06  2.02973e+06  185966  
7.977  0.340586  0.289661  3.54974e+06  2.06055e+06  189713  
8.00419  0.337602  0.286228  3.51537e+06  2.09116e+06  193476  
8.03111  0.334814  0.283029  3.48117e+06  2.12157e+06  197256  
8.05777  0.33221  0.280043  3.44714e+06  2.15181e+06  201055  
8.08421  0.32978  0.277255  3.41325e+06  2.18187e+06  204874  
8.11045  0.327515  0.274649  3.37951e+06  2.21177e+06  208716  
8.13649  0.325405  0.272214  3.34589e+06  2.24153e+06  212581  
8.16235  0.323445  0.269938  3.31239e+06  2.27114e+06  216472  
8.18807  0.321628  0.267811  3.279e+06  2.30061e+06  220391  
8.21363  0.319948  0.265825  3.2457e+06  2.32997e+06  224337  
8.23908  0.318401  0.263972  3.21249e+06  2.3592e+06  228314  
8.26441  0.316982  0.262246  3.17935e+06  2.38832e+06  232323  
8.28964  0.315688  0.26064  3.14629e+06  2.41734e+06  236365  
8.31479  0.314514  0.25915  3.11329e+06  2.44626e+06  240442  
8.33986  0.31346  0.25777  3.08035e+06  2.47509e+06  244555  
8.36488  0.312521  0.256497  3.04746e+06  2.50384e+06  248706  
8.38984  0.311696  0.255327  3.0146e+06  2.5325e+06  252898  
8.41477  0.310984  0.254255  2.98178e+06  2.56109e+06  257131  
8.43968  0.310382  0.25328  2.94898e+06  2.58961e+06  261407  
8.46458  0.309891  0.252399  2.91621e+06  2.61807e+06  265729  
8.48947  0.309508  0.251609  2.88344e+06  2.64646e+06  270098  
8.51438  0.309234  0.250908  2.85068e+06  2.6748e+06  274516  
8.53931  0.30907  0.250295  2.81792e+06  2.70309e+06  278985  
8.56428  0.309014  0.249768  2.78515e+06  2.73134e+06  283508  
8.5893  0.309067  0.249325  2.75237e+06  2.75955e+06  288087  
8.61438  0.309231  0.248965  2.71956e+06  2.78772e+06  292724  
8.63952  0.309507  0.248688  2.68672e+06  2.81586e+06  297421  
8.66476  0.309895  0.248493  2.65384e+06  2.84398e+06  302182  
8.69009  0.310399  0.248379  2.62092e+06  2.87208e+06  307009  
8.71554  0.311019  0.248345  2.58794e+06  2.90016e+06  311905  
8.74111  0.31176  0.248392  2.5549e+06  2.92823e+06  316874  
8.76683  0.312623  0.248519  2.52179e+06  2.9563e+06  321918  
8.7927  0.313614  0.248726  2.48859e+06  2.98437e+06  327041  
8.81874  0.314735  0.249014  2.45531e+06  3.01244e+06  332247  
8.84498  0.315991  0.249382  2.42193e+06  3.04053e+06  337540  
8.87142  0.317388  0.249831  2.38844e+06  3.06864e+06  342924  
8.89809  0.318933  0.250361  2.35482e+06  3.09677e+06  348405  
8.925  0.320632  0.250972  2.32107e+06  3.12494e+06  353987  
8.95219  0.322494  0.251665  2.28717e+06  3.15315e+06  359676  
8.97966  0.324526  0.25244  2.25311e+06  3.18141e+06  365478  
9.00746  0.326742  0.253298  2.21887e+06  3.20973e+06  371400  
9.0356  0.329151  0.254238  2.18443e+06  3.23812e+06  377448  
9.06412  0.331769  0.25526  2.14978e+06  3.26659e+06  383631  
9.09304  0.334611  0.256364  2.11489e+06  3.29516e+06  389958  
9.12241  0.337696  0.257546  2.07974e+06  3.32382e+06  396438  
9.15227  0.341047  0.258806  2.0443e+06  3.35262e+06  403083  
9.18266  0.344689  0.260138  2.00855e+06  3.38155e+06  409905  
9.21364  0.348654  0.261535  1.97245e+06  3.41063e+06  416919  
9.24526  0.352978  0.262987  1.93595e+06  3.43991e+06  424139  
9.27759  0.357706  0.26448  1.89903e+06  3.46939e+06  431586  
9.31072  0.362895  0.26599  1.86161e+06  3.49911e+06  439281  
9.34473  0.368612  0.267483  1.82364e+06  3.52911e+06  447249  
9.37974  0.374945  0.268909  1.78504e+06  3.55944e+06  455520  
9.41587  0.382005  0.270191  1.74572e+06  3.59014e+06  464133  
9.45331  0.38994  0.271206  1.70556e+06  3.6213e+06  473132  
9.49225  0.398949  0.271766  1.66442e+06  3.65301e+06  482575  
9.53298  0.409309  0.271559  1.62208e+06  3.68538e+06  492536  
9.57584  0.42142  0.270066  1.5783e+06  3.71858e+06  503116  
9.62136  0.435886  0.266392  1.53271e+06  3.75284e+06  514451  
9.67026  0.453671  0.259009  1.48474e+06  3.78851e+06  526745  
9.7237  0.476407  0.245786  1.43356e+06  3.82613e+06  540311  
9.78361  0.506927  0.22972  1.37772e+06  3.86661e+06  555673  
9.85298  0.548627  0.280674  1.3151e+06  3.91124e+06  573658  
9.9309  0.585178  0.57897  1.24738e+06  3.95852e+06  594100  
10.0051  0.574513  0.761632  1.18544e+06  4.00076e+06  613792  
10.0708  0.543336  0.698147  1.13268e+06  4.03592e+06  631396  
10.1295  0.515509  0.595991  1.08724e+06  4.06553e+06  647231  
10.1832  0.495365  0.521843  1.04693e+06  4.09123e+06  661836  
10.2336  0.481402  0.474347  1.01029e+06  4.1141e+06  675614  
10.2816  0.471629  0.443892  976363  4.13482e+06  688821  
10.3279  0.464608  0.423612  944573  4.15381e+06  701620  
10.3729  0.459427  0.409464  914530  4.17135e+06  714118  
10.417  0.455524  0.399154  885966  4.18765e+06  726388  
10.4602  0.452549  0.391361  858686  4.20283e+06  738481  
10.5028  0.450275  0.385303  832544  4.21702e+06  750435  
10.5449  0.448549  0.380497  807423  4.23029e+06  762282  
10.5865  0.447266  0.376631  783230  4.24272e+06  774045  
10.6278  0.446348  0.373493  759889  4.25437e+06  785743  
10.6689  0.445739  0.370936  737334  4.26527e+06  797394  
10.7097  0.445394  0.368851  715512  4.27548e+06  809011  
10.7503  0.445279  0.367158  694373  4.28502e+06  820606  
10.7908  0.445366  0.365795  673877  4.29393e+06  832191  
10.8312  0.445632  0.364715  653988  4.30224e+06  843775  
10.8716  0.446059  0.363878  634674  4.30996e+06  855367  
10.912  0.446632  0.363254  615905  4.31712e+06  866974  
10.9524  0.447339  0.362817  597655  4.32374e+06  878604  
10.9928  0.448168  0.362547  579903  4.32983e+06  890264  
11.0333  0.449111  0.362427  562625  4.33542e+06  901959  
11.0738  0.450159  0.362441  545804  4.3405e+06  913696  
11.1145  0.451307  0.362577  529421  4.3451e+06  925480  
11.1554  0.452548  0.362825  513461  4.34922e+06  937316  
11.1964  0.453878  0.363176  497907  4.35288e+06  949210  
11.2376  0.455293  0.363623  482747  4.35609e+06  961166  
11.279  0.456789  0.364158  467967  4.35884e+06  973189  
11.3206  0.458364  0.364775  453555  4.36116e+06  985284  
11.3624  0.460014  0.365471  439501  4.36304e+06  997456  
11.4045  0.461738  0.366239  425793  4.3645e+06  1.00971e+06  
11.4469  0.463534  0.367078  412422  4.36553e+06  1.02204e+06  
11.4896  0.465401  0.367983  399379  4.36615e+06  1.03447e+06  
11.5326  0.467336  0.368951  386654  4.36635e+06  1.04699e+06  
11.576  0.469341  0.369981  374240  4.36615e+06  1.05961e+06  
11.6197  0.471413  0.371069  362128  4.36554e+06  1.07233e+06  
11.6638  0.473552  0.372214  350312  4.36453e+06  1.08516e+06  
11.7083  0.475759  0.373415  338784  4.36312e+06  1.0981e+06  
11.7531  0.478032  0.37467  327537  4.36131e+06  1.11115e+06  
11.7985  0.480374  0.375977  316566  4.35911e+06  1.12432e+06  
11.8442  0.482782  0.377337  305863  4.35651e+06  1.13762e+06  
11.8905  0.48526  0.378748  295423  4.35353e+06  1.15105e+06  
11.9372  0.487806  0.38021  285241  4.35015e+06  1.16461e+06  
11.9845  0.490422  0.381721  275311  4.34637e+06  1.17831e+06  
12.0323  0.49311  0.383283  265628  4.34221e+06  1.19216e+06  
12.0807  0.495869  0.384895  256187  4.33766e+06  1.20615e+06  
12.1296  0.498702  0.386556  246982  4.33272e+06  1.2203e+06  
12.1792  0.501611  0.388268  238011  4.32738e+06  1.23461e+06  
12.2294  0.504596  0.390029  229268  4.32165e+06  1.24908e+06  
12.2802  0.50766  0.391841  220748  4.31553e+06  1.26372e+06  
12.3318  0.510806  0.393704  212448  4.30901e+06  1.27854e+06  
12.384  0.514034  0.395619  204363  4.3021e+06  1.29354e+06  
12.437  0.517348  0.397585  196490  4.29478e+06  1.30873e+06  
12.4908  0.520751  0.399605  188825  4.28706e+06  1.32412e+06  
12.5454  0.524245  0.401679  181365  4.27893e+06  1.33971e+06  
12.6009  0.527833  0.403808  174104  4.27039e+06  1.3555e+06  
12.6572  0.53152  0.405992  167041  4.26144e+06  1.37152e+06  
12.7144  0.535308  0.408234  160171  4.25207e+06  1.38775e+06  
12.7726  0.539201  0.410535  153492  4.24228e+06  1.40423e+06  
12.8317  0.543205  0.412896  146999  4.23206e+06  1.42094e+06  
12.8919  0.547322  0.415319  140691  4.22141e+06  1.4379e+06  
12.9532  0.551559  0.417805  134563  4.21032e+06  1.45512e+06  
13.0156  0.55592  0.420357  128613  4.19878e+06  1.4726e+06  
13.0791  0.560411  0.422976  122838  4.18679e+06  1.49037e+06  
13.1439  0.565038  0.425665  117234  4.17434e+06  1.50842e+06  
13.2099  0.569809  0.428425  111799  4.16142e+06  1.52678e+06  
13.2773  0.574729  0.43126  106530  4.14803e+06  1.54544e+06  
13.3461  0.579806  0.434172  101425  4.13414e+06  1.56443e+06  
13.4164  0.58505  0.437164  96479.6  4.11976e+06  1.58376e+06  
13.4881  0.590468  0.440238  91692.4  4.10487e+06  1.60344e+06  
13.5615  0.596071  0.443399  87060.3  4.08946e+06  1.62348e+06  
13.6366  0.601868  0.446648  82580.8  4.07351e+06  1.64391e+06  
13.7134  0.607873  0.449991  78251.2  4.05702e+06  1.66473e+06  
13.7921  0.614096  0.453431  74068.9  4.03996e+06  1.68597e+06  
13.8728  0.620552  0.456972  70031.5  4.02233e+06  1.70764e+06  
13.9555  0.627256  0.460618  66136.4  4.00409e+06  1.72977e+06  
14.0403  0.634224  0.464373  62381.1  3.98525e+06  1.75237e+06  
14.1275  0.641473  0.468244  58763.2  3.96576e+06  1.77547e+06  
14.2171  0.649024  0.472234  55280.3  3.94562e+06  1.7991e+06  
14.3092  0.656899  0.476349  51929.8  3.9248e+06  1.82327e+06  
14.4041  0.665121  0.480595  48709.5  3.90326e+06  1.84803e+06  
14.5019  0.673718  0.484978  45616.9  3.88099e+06  1.87339e+06  
14.6027  0.682719  0.489504  42649.6  3.85795e+06  1.8994e+06  
14.7068  0.692157  0.49418  39805.3  3.83411e+06  1.92608e+06  
14.8143  0.70207  0.499012  37081.6  3.80943e+06  1.95349e+06  
14.9256  0.7125  0.504008  34476.2  3.78386e+06  1.98166e+06  
15.0409  0.723495  0.509174  31986.7  3.75737e+06  2.01064e+06  
15.1605  0.735108  0.514519  29610.8  3.72991e+06  2.04048e+06  
15.2847  0.7474  0.520048  27346.1  3.70141e+06  2.07125e+06  
15.4138  0.760441  0.525771  25190.4  3.67181e+06  2.103e+06  
15.5484  0.774312  0.531695  23141.2  3.64106e+06  2.1358e+06  
15.6889  0.789105  0.537829  21196.3  3.60906e+06  2.16975e+06  
15.8357  0.804927  0.544181  19353.4  3.57573e+06  2.20491e+06  
15.9896  0.821902  0.550764  17610.1  3.54098e+06  2.24141e+06  
16.1511  0.840174  0.557596  15964.3  3.50468e+06  2.27935e+06  
16.3212  0.859911  0.564705  14413.4  3.46672e+06  2.31886e+06  
16.5006  0.881307  0.572143  12955.5  3.42695e+06  2.36009e+06  
16.6905  0.904581  0.580007  11588.2  3.3852e+06  2.40322e+06  
16.8921  0.929982  0.588484  10309.6  3.34127e+06  2.44842e+06  
17.1069  0.957766  0.597939  9117.65  3.29496e+06  2.49592e+06  
17.3364  0.988174  0.609078  8010.76  3.24603e+06  2.54596e+06  
17.5824  1.02135  0.623235  6987.71  3.19423e+06  2.59879e+06  
17.8469  1.05719  0.642801  6047.96  3.13933e+06  2.65462e+06  
18.1315  1.09508  0.671565  5191.93  3.08118e+06  2.71362e+06  
18.4369  1.13351  0.714065  4421.2  3.01983e+06  2.77575e+06  
18.7627  1.16983  0.772424  3738.1  2.95564e+06  2.84062e+06  
19.106  1.20083  0.841383  3144.21  2.88935e+06  2.9075e+06  
19.4624  1.22417  0.908002  2637.98  2.822e+06  2.97536e+06  
19.8273  1.23976  0.959875  2213.45  2.7546e+06  3.04319e+06  
20.1969  1.24948  0.992808  1861.02  2.68791e+06  3.11023e+06  
20.5687  1.25579  1.01007  1569.67  2.62239e+06  3.17604e+06  
20.9417  1.26076  1.01747  1328.75  2.55822e+06  3.24045e+06  
21.3156  1.26572  1.01994  1128.99  2.49544e+06  3.30343e+06  
21.6905  1.2714  1.0207  962.707  2.43401e+06  3.36503e+06  
22.0667  1.27813  1.0215  823.683  2.37386e+06  3.42532e+06  
22.4447  1.28602  1.02317  706.954  2.31489e+06  3.4844e+06  
22.825  1.29504  1.02604  608.549  2.25705e+06  3.54234e+06  
23.2078  1.30516  1.03016  525.282  2.20025e+06  3.59923e+06  
23.5938  1.31628  1.0355  454.583  2.14443e+06  3.65511e+06  
23.983  1.32833  1.04194  394.366  2.08956e+06  3.71005e+06  
24.376  1.34125  1.0494  342.929  2.03558e+06  3.76408e+06  
24.7729  1.35497  1.05776  298.874  1.98246e+06  3.81724e+06  
25.1741  1.36944  1.06693  261.047  1.93018e+06  3.86956e+06  
25.5797  1.3846  1.07684  228.491  1.87872e+06  3.92106e+06  
25.9901  1.40042  1.08742  200.408  1.82804e+06  3.97176e+06  
26.4054  1.41686  1.0986  176.134  1.77815e+06  4.02167e+06  
26.8258  1.4339  1.11035  155.108  1.72902e+06  4.07082e+06  
27.2516  1.4515  1.12262  136.86  1.68065e+06  4.11921e+06  
27.6829  1.46963  1.13537  120.994  1.63303e+06  4.16685e+06  
28.12  1.48829  1.14857  107.173  1.58615e+06  4.21375e+06  
28.563  1.50746  1.1622  95.1121  1.54e+06  4.25991e+06  
29.0121  1.52711  1.17623  84.5684  1.49458e+06  4.30533e+06  
29.4676  1.54724  1.19064  75.3354  1.44989e+06  4.35003e+06  
29.9295  1.56783  1.20542  67.2367  1.40593e+06  4.394e+06  
30.3982  1.58888  1.22055  60.121  1.36269e+06  4.43725e+06  
30.8738  1.61037  1.23601  53.8588  1.32017e+06  4.47978e+06  
31.3565  1.63229  1.2518  48.3389  1.27836e+06  4.52159e+06  
31.8465  1.65465  1.2679  43.4655  1.23728e+06  4.56267e+06  
32.344  1.67744  1.2843  39.1563  1.19692e+06  4.60304e+06  
32.8494  1.70064  1.30099  35.3398  1.15727e+06  4.64269e+06  
33.3627  1.72427  1.31798  31.9546  1.11834e+06  4.68162e+06  
33.8842  1.74831  1.33525  28.9474  1.08013e+06  4.71984e+06  
34.4142  1.77277  1.35279  26.2719  1.04264e+06  4.75734e+06  
34.9528  1.79764  1.3706  23.888  1.00586e+06  4.79411e+06  
35.5005  1.82293  1.38868  21.7607  969801  4.83018e+06  
36.0574  1.84864  1.40703  19.8597  934458  4.86552e+06  
36.6238  1.87478  1.42564  18.1584  899832  4.90015e+06  
37.2  1.90134  1.4445  16.6336  865922  4.93406e+06  
37.7864  1.92833  1.46363  15.2651  832728  4.96726e+06  
38.3831  1.95577  1.48302  14.0352  800249  4.99974e+06  
38.9907  1.98365  1.50266  12.9282  768485  5.0315e+06  
39.6093  2.012  1.52257  11.9306  737435  5.06255e+06  
40.2395  2.04081  1.54273  11.0303  707098  5.09289e+06  
40.8815  2.0701  1.56316  10.2167  677474  5.12252e+06  
41.5358  2.09988  1.58386  9.48051  648559  5.15143e+06  
42.2027  2.13018  1.60483  8.81353  620353  5.17964e+06  
42.8828  2.161  1.62607  8.20848  592855  5.20714e+06  
43.5766  2.19237  1.6476  7.65893  566062  5.23393e+06  
44.2844  2.2243  1.66941  7.15917  539972  5.26002e+06  
45.0068  2.25682  1.69151  6.70416  514582  5.28541e+06  
45.7444  2.28996  1.71392  6.28941  489891  5.3101e+06  
46.4978  2.32374  1.73663  5.91094  465894  5.3341e+06  
47.2675  2.3582  1.75967  5.56519  442589  5.35741e+06  
48.0543  2.39336  1.78304  5.24899  419972  5.38002e+06  
48.8589  2.42926  1.80675  4.95954  398040  5.40196e+06  
49.6819  2.46594  1.83081  4.69431  376788  5.42321e+06  
50.5242  2.50345  1.85524  4.45104  356213  5.44378e+06  
51.3867  2.54183  1.88006  4.22771  336310  5.46369e+06  
52.2702  2.58113  1.90528  4.02253  317073  5.48292e+06  
53.1757  2.62141  1.93091  3.83386  298499  5.5015e+06  
54.1042  2.66273  1.95698  3.66025  280581  5.51942e+06  
55.0569  2.70516  1.98351  3.50039  263314  5.53668e+06  
56.035  2.74878  2.01051  3.3531  246693  5.5533e+06  
57.0398  2.79366  2.03802  3.21732  230709  5.56929e+06  
58.0726  2.83989  2.06605  3.09209  215358  5.58464e+06  
59.135  2.88757  2.09464  2.97655  200633  5.59936e+06  
60.2286  2.93681  2.12381  2.8699  186525  5.61347e+06  
61.3553  2.98773  2.15358  2.77145  173029  5.62697e+06  
62.5168  3.04047  2.184  2.68056  160135  5.63986e+06  
63.7155  3.09515  2.2151  2.59664  147836  5.65216e+06  
64.9536  3.15196  2.2469  2.51916  136124  5.66387e+06  
66.2336  3.21107  2.27946  2.44766  124990  5.67501e+06  
67.5583  3.27269  2.31279  2.38168  114424  5.68557e+06  
68.931  3.33704  2.34695  2.32083  104418  5.69558e+06  
70.3549  3.40438  2.38197  2.26476  94960.9  5.70504e+06  
71.834  3.475  2.4179  2.21313  86043.7  5.71395e+06  
73.3725  3.54923  2.45476  2.16563  77655.6  5.72234e+06  
74.9752  3.62745  2.4926  2.122  69785.9  5.73021e+06  
76.6475  3.71007  2.53144  2.08198  62423.3  5.73757e+06  
78.3955  3.79761  2.57132  2.04533  55556.3  5.74444e+06  
80.2262  3.89063  2.61224  2.01184  49173  5.75082e+06  
82.1474  3.98979  2.65421  1.98131  43261  5.75674e+06  
84.1684  4.09588  2.6972  1.95356  37807.5  5.76219e+06  
86.2996  4.20981  2.74115  1.92842  32799.2  5.7672e+06  
88.5536  4.3327  2.78597  1.90573  28222.4  5.77178e+06  
90.9448  4.46586  2.83148  1.88534  24063  5.77594e+06  
93.4905  4.61088  2.87742  1.86711  20306.1  5.77969e+06  
96.2115  4.76975  2.92335  1.85091  16936.5  5.78306e+06  
99.133  4.94492  2.96865  1.83661  13938.2  5.78606e+06  
