0  0.458373  2.8859e-06  5.79799e+06  2006.67  3.33889  
0.474131  1.9961  0.0209243  5.79779e+06  2137.55  68.8133  
1.88181  3.43904  0.651175  5.79713e+06  2578.44  289.403  
3.90909  4.12621  2.50578  5.79593e+06  3377.28  689.179  
6.09076  4.27919  4.14748  5.79423e+06  4514.78  1258.66  
8.1796  4.1856  4.80528  5.79206e+06  5960.66  1982.88  
10.0967  4.00802  4.79865  5.78946e+06  7690.93  2850.08  
11.8378  3.81762  4.53157  5.78645e+06  9692.64  3854.06  
13.4224  3.63992  4.21173  5.78304e+06  11962.2  4993.33  
14.8738  3.48134  3.914  5.77923e+06  14502.1  6269.49  
16.2129  3.34143  3.65632  5.775e+06  17318  7685.85  
17.4568  3.21777  3.43737  5.77034e+06  20417.5  9246.64  
18.619  3.10778  3.25095  5.76523e+06  23808.9  10956.5  
19.7109  3.00919  3.09073  5.75968e+06  27500.5  12820.5  
20.7412  2.92016  2.95149  5.75366e+06  31501.4  14843.6  
21.7174  2.83923  2.82912  5.74715e+06  35820.2  17031  
22.6456  2.76522  2.72052  5.74015e+06  40466  19388.3  
23.531  2.69718  2.62327  5.73263e+06  45448  21921  
24.3779  2.63436  2.53551  5.72459e+06  50775.4  24634.8  
25.1903  2.57613  2.45579  5.71601e+06  56457.8  27535.8  
25.9713  2.52195  2.38292  5.70686e+06  62504.9  30630.2  
26.7239  2.47141  2.31598  5.69715e+06  68926.7  33924.6  
27.4506  2.42412  2.25419  5.68684e+06  75733.8  37425.9  
28.1536  2.37978  2.1969  5.67592e+06  82936.8  41141.4  
28.8349  2.33812  2.14359  5.66437e+06  90547.1  45078.8  
29.4963  2.2989  2.09381  5.65218e+06  98576.4  49246.2  
30.1396  2.26194  2.04717  5.63931e+06  107037  53652.3  
30.7661  2.22706  2.00334  5.62575e+06  115942  58306.5  
31.3772  2.1941  1.96205  5.61148e+06  125306  63218.7  
31.9743  2.16295  1.92303  5.59646e+06  135142  68399.5  
32.5584  2.13349  1.88608  5.58067e+06  145467  73860.7  
33.1306  2.10563  1.851  5.56409e+06  156298  79614.6  
33.6921  2.07928  1.81763  5.54667e+06  167652  85675.1  
34.2437  2.05438  1.7858  5.52839e+06  179549  92056.8  
34.7864  2.03088  1.75537  5.50921e+06  192010  98776.2  
35.3212  2.00873  1.72622  5.48909e+06  205060  105851  
35.8488  1.9879  1.69823  5.46798e+06  218722  113302  
36.3701  1.96837  1.67127  5.44582e+06  233026  121150  
36.8861  1.95014  1.64525  5.42258e+06  248002  129421  
37.3976  1.93321  1.62004  5.39817e+06  263686  138142  
37.9054  1.91761  1.59553  5.37254e+06  280118  147345  
38.4105  1.90339  1.57162  5.34559e+06  297342  157065  
38.9139  1.89059  1.54817  5.31725e+06  315410  167345  
39.4167  1.8793  1.52505  5.28739e+06  334380  178231  
39.9199  1.86963  1.50213  5.2559e+06  354322  189780  
40.4248  1.86173  1.47925  5.22263e+06  375316  202058  
40.9328  1.85577  1.45628  5.1874e+06  397458  215142  
41.4457  1.85197  1.43316  5.15001e+06  420862  229127  
41.9651  1.85058  1.41003  5.11021e+06  445664  244127  
42.4932  1.85186  1.38757  5.06769e+06  472028  260280  
43.0325  1.85597  1.36776  5.0221e+06  500149  277752  
43.5855  1.86275  1.35575  4.97302e+06  530243  296740  
44.1542  1.87113  1.36327  4.92002e+06  562524  317452  
44.739  1.87785  1.4122  4.86284e+06  597103  340053  
45.3356  1.87577  1.52505  4.80167e+06  633799  364526  
45.9325  1.85452  1.68388  4.7376e+06  671901  390499  
46.5134  1.80803  1.8084  4.67248e+06  710262  417257  
47.0651  1.74175  1.83385  4.60812e+06  747806  444072  
47.5826  1.66773  1.77201  4.54558e+06  783930  470492  
48.0669  1.59568  1.66963  4.48518e+06  818469  496354  
48.5217  1.53027  1.56176  4.42683e+06  851503  521671  
48.9516  1.47263  1.46396  4.37027e+06  883197  546528  
49.3606  1.42225  1.38015  4.31525e+06  913727  571026  
49.7521  1.37809  1.30948  4.2615e+06  943244  595258  
50.1288  1.33913  1.24976  4.20882e+06  971873  619304  
50.4929  1.30445  1.1988  4.15706e+06  999713  643232  
50.8461  1.27335  1.15479  4.10606e+06  1.02685e+06  667095  
51.19  1.24525  1.11633  4.05573e+06  1.05333e+06  690941  
51.5258  1.21971  1.08235  4.00597e+06  1.07923e+06  714808  
51.8544  1.19639  1.05205  3.9567e+06  1.10457e+06  738731  
52.1768  1.17499  1.0248  3.90787e+06  1.12939e+06  762739  
52.4938  1.15531  1.00012  3.85942e+06  1.15372e+06  786859  
52.8059  1.13716  0.977651  3.8113e+06  1.17759e+06  811117  
53.1139  1.12039  0.957087  3.76347e+06  1.201e+06  835534  
53.4182  1.10487  0.938191  3.71588e+06  1.22398e+06  860133  
53.7193  1.09052  0.920767  3.66852e+06  1.24655e+06  884934  
54.0178  1.07723  0.904657  3.62134e+06  1.2687e+06  909958  
54.314  1.06495  0.889727  3.57432e+06  1.29045e+06  935225  
54.6083  1.0536  0.875866  3.52743e+06  1.31181e+06  960755  
54.9011  1.04315  0.862982  3.48065e+06  1.33278e+06  986569  
55.1928  1.03355  0.850996  3.43394e+06  1.35337e+06  1.01269e+06  
55.4837  1.02477  0.83984  3.3873e+06  1.37357e+06  1.03913e+06  
55.7742  1.01678  0.829458  3.34069e+06  1.3934e+06  1.06592e+06  
56.0645  1.00957  0.8198  3.29409e+06  1.41284e+06  1.09308e+06  
56.3551  1.00311  0.810826  3.24747e+06  1.4319e+06  1.12063e+06  
56.6462  0.99739  0.802502  3.20083e+06  1.45057e+06  1.1486e+06  
56.9382  0.992416  0.794796  3.15413e+06  1.46886e+06  1.17702e+06  
57.2314  0.988183  0.787687  3.10734e+06  1.48675e+06  1.20591e+06  
57.5262  0.984693  0.781154  3.06046e+06  1.50424e+06  1.2353e+06  
57.823  0.981956  0.775184  3.01344e+06  1.52133e+06  1.26523e+06  
58.1221  0.979984  0.769769  2.96627e+06  1.538e+06  1.29574e+06  
58.4239  0.978793  0.764905  2.91892e+06  1.55424e+06  1.32685e+06  
58.7289  0.978402  0.760595  2.87135e+06  1.57004e+06  1.35861e+06  
59.0374  0.978836  0.756852  2.82356e+06  1.58538e+06  1.39106e+06  
59.35  0.980121  0.753699  2.77549e+06  1.60025e+06  1.42426e+06  
59.6671  0.982284  0.751172  2.72713e+06  1.61463e+06  1.45824e+06  
59.9893  0.985352  0.749328  2.67844e+06  1.62849e+06  1.49307e+06  
60.317  0.989349  0.748249  2.6294e+06  1.6418e+06  1.5288e+06  
60.6509  0.99429  0.748053  2.57998e+06  1.65454e+06  1.56548e+06  
60.9914  1.00018  0.74891  2.53015e+06  1.66666e+06  1.60318e+06  
61.3392  1.00698  0.75105  2.47991e+06  1.67813e+06  1.64196e+06  
61.6948  1.01463  0.75478  2.42925e+06  1.68888e+06  1.68187e+06  
62.0584  1.02301  0.760487  2.37819e+06  1.69888e+06  1.72294e+06  
62.4305  1.03192  0.768605  2.32677e+06  1.70804e+06  1.7652e+06  
62.811  1.04103  0.779544  2.27508e+06  1.71629e+06  1.80863e+06  
63.1996  1.04995  0.793521  2.22324e+06  1.72357e+06  1.85319e+06  
63.5955  1.05818  0.810333  2.17144e+06  1.72979e+06  1.89877e+06  
63.9976  1.06519  0.829143  2.11991e+06  1.73489e+06  1.9452e+06  
64.4043  1.07055  0.848442  2.0689e+06  1.73881e+06  1.99229e+06  
64.8137  1.07402  0.866335  2.01868e+06  1.74152e+06  2.0398e+06  
65.2242  1.0756  0.88108  1.96951e+06  1.74302e+06  2.08747e+06  
65.634  1.07559  0.891607  1.92158e+06  1.74331e+06  2.13511e+06  
66.0421  1.07441  0.89772  1.87502e+06  1.74245e+06  2.18252e+06  
66.4476  1.07259  0.899954  1.82992e+06  1.74048e+06  2.2296e+06  
66.8501  1.07059  0.89924  1.78628e+06  1.73746e+06  2.27626e+06  
67.2494  1.0688  0.896591  1.74409e+06  1.73344e+06  2.32247e+06  
67.6459  1.06751  0.892901  1.7033e+06  1.72847e+06  2.36823e+06  
68.0397  1.06691  0.88886  1.66385e+06  1.72262e+06  2.41353e+06  
68.4313  1.06711  0.884958  1.62566e+06  1.71592e+06  2.45842e+06  
68.8212  1.0682  0.881514  1.58867e+06  1.70841e+06  2.50292e+06  
69.2098  1.07018  0.878721  1.5528e+06  1.70012e+06  2.54707e+06  
69.5976  1.07307  0.876686  1.51799e+06  1.6911e+06  2.59091e+06  
69.9851  1.07687  0.875457  1.48417e+06  1.68136e+06  2.63448e+06  
70.3728  1.08155  0.875049  1.45128e+06  1.67092e+06  2.6778e+06  
70.7611  1.08711  0.875454  1.41927e+06  1.65981e+06  2.72092e+06  
71.1506  1.09352  0.876656  1.38809e+06  1.64805e+06  2.76386e+06  
71.5416  1.10077  0.878629  1.3577e+06  1.63564e+06  2.80666e+06  
71.9345  1.10886  0.881349  1.32806e+06  1.6226e+06  2.84934e+06  
72.3299  1.11776  0.884793  1.29912e+06  1.60895e+06  2.89193e+06  
72.7281  1.12749  0.888938  1.27086e+06  1.59469e+06  2.93445e+06  
73.1296  1.13804  0.893764  1.24324e+06  1.57983e+06  2.97694e+06  
73.5348  1.1494  0.899257  1.21623e+06  1.56437e+06  3.0194e+06  
73.944  1.16159  0.905401  1.18981e+06  1.54833e+06  3.06186e+06  
74.3578  1.17461  0.912189  1.16395e+06  1.53171e+06  3.10434e+06  
74.7765  1.18848  0.919613  1.13863e+06  1.51451e+06  3.14686e+06  
75.2006  1.20322  0.92767  1.11383e+06  1.49673e+06  3.18944e+06  
75.6306  1.21883  0.93636  1.08953e+06  1.47839e+06  3.23208e+06  
76.067  1.23536  0.945685  1.06571e+06  1.45948e+06  3.27481e+06  
76.5101  1.25281  0.955652  1.04236e+06  1.43999e+06  3.31764e+06  
76.9606  1.27122  0.966269  1.01947e+06  1.41995e+06  3.36059e+06  
77.4189  1.29062  0.977549  997004  1.39934e+06  3.40366e+06  
77.8856  1.31104  0.989508  974968  1.37816e+06  3.44687e+06  
78.3613  1.33253  1.00217  953344  1.35642e+06  3.49023e+06  
78.8466  1.35512  1.01555  932122  1.33412e+06  3.53375e+06  
79.3421  1.37885  1.02968  911293  1.31126e+06  3.57745e+06  
79.8485  1.40376  1.04459  890848  1.28784e+06  3.62132e+06  
80.3664  1.4299  1.06033  870778  1.26385e+06  3.66537e+06  
80.8966  1.45732  1.07693  851078  1.23931e+06  3.70961e+06  
81.4399  1.48605  1.09447  831741  1.21422e+06  3.75404e+06  
81.9971  1.51613  1.11299  812764  1.18857e+06  3.79867e+06  
82.5689  1.54759  1.13257  794143  1.16238e+06  3.84347e+06  
83.1562  1.58045  1.1533  775877  1.13566e+06  3.88846e+06  
83.7598  1.61473  1.17528  757966  1.10842e+06  3.93362e+06  
84.3807  1.65041  1.19861  740410  1.08067e+06  3.97892e+06  
85.0197  1.68745  1.22342  723215  1.05243e+06  4.02435e+06  
85.6775  1.72581  1.24983  706385  1.02374e+06  4.06987e+06  
86.3549  1.76538  1.27797  689928  994623  4.11545e+06  
87.0526  1.80601  1.30794  673854  965122  4.16102e+06  
87.7711  1.84753  1.3398  658177  935288  4.20654e+06  
88.5107  1.88971  1.37356  642909  905180  4.25191e+06  
89.2718  1.93227  1.40913  628068  874869  4.29706e+06  
90.0541  1.97493  1.4463  613671  844433  4.3419e+06  
90.8575  2.01736  1.48473  599736  813960  4.3863e+06  
91.6816  2.05927  1.52396  586278  783541  4.43018e+06  
92.5256  2.1004  1.56342  573313  753272  4.47341e+06  
93.3889  2.14056  1.60251  560853  723250  4.5159e+06  
94.2705  2.1796  1.64066  548904  693566  4.55753e+06  
95.1697  2.2175  1.67737  537471  664304  4.59822e+06  
96.0857  2.25428  1.71231  526552  635541  4.63791e+06  
97.0178  2.29006  1.74528  516140  607341  4.67652e+06  
97.9655  2.32498  1.77625  506226  579759  4.71402e+06  
98.9286  2.35924  1.80533  496796  552836  4.75037e+06  
99.9068  2.39302  1.83269  487836  526607  4.78556e+06  
