0  0.458373  6.94639e-06  5.79799e+06  2009.18  3.34098  
0.380652  1.78854  0.0262276  5.79779e+06  2154.33  56.1472  
1.41982  2.95482  0.636354  5.79717e+06  2606.05  220.506  
2.86899  3.48872  2.21672  5.79609e+06  3397.84  508.657  
4.41098  3.59778  3.522  5.79458e+06  4505.59  911.917  
5.88368  3.51487  4.01815  5.79268e+06  5898.72  1419.27  
7.23672  3.36773  3.9968  5.79042e+06  7554.74  2022.66  
8.46824  3.21149  3.77728  5.78782e+06  9462.05  2718  
9.59166  3.06577  3.51886  5.78488e+06  11617.7  3504.4  
10.6228  2.93543  3.27845  5.78159e+06  14024.1  4382.92  
11.5756  2.82008  3.0697  5.77796e+06  16686.6  5355.74  
12.4619  2.71781  2.89155  5.77396e+06  19612  6425.55  
13.2908  2.62658  2.73922  5.7696e+06  22807.6  7595.35  
14.0701  2.54458  2.60781  5.76485e+06  26281.1  8868.26  
14.8059  2.47036  2.49321  5.75971e+06  30040.4  10247.5  
15.5033  2.40273  2.39223  5.75417e+06  34093.2  11736.3  
16.1666  2.34077  2.30239  5.74821e+06  38447.6  13338.1  
16.7993  2.28369  2.22178  5.74183e+06  43111.4  15056.2  
17.4045  2.23089  2.14891  5.73501e+06  48092.9  16894.3  
17.9849  2.18186  2.08261  5.72774e+06  53400.2  18855.9  
18.5427  2.13616  2.02195  5.72001e+06  59041.8  20944.8  
19.0799  2.09344  1.96615  5.71181e+06  65026.2  23164.8  
19.5984  2.0534  1.91459  5.70312e+06  71362.3  25520.1  
20.0996  2.01578  1.86676  5.69393e+06  78059.1  28014.8  
20.585  1.98035  1.82222  5.68422e+06  85126  30653.4  
21.0558  1.94692  1.7806  5.67399e+06  92572.7  33440.5  
21.5131  1.91533  1.7416  5.66321e+06  100409  36381  
21.9581  1.88544  1.70493  5.65187e+06  108646  39480.1  
22.3916  1.8571  1.67039  5.63996e+06  117295  42743.1  
22.8144  1.83022  1.63775  5.62746e+06  126366  46176  
23.2275  1.8047  1.60685  5.61434e+06  135872  49784.8  
23.6314  1.78044  1.57753  5.6006e+06  145827  53576.2  
24.0269  1.75738  1.54965  5.5862e+06  156242  57557.1  
24.4147  1.73546  1.52309  5.57113e+06  167134  61735.3  
24.7952  1.7146  1.49774  5.55536e+06  178518  66118.7  
25.1692  1.69478  1.47351  5.53887e+06  190410  70716.3  
25.5372  1.67593  1.45029  5.52164e+06  202827  75537.6  
25.8996  1.65805  1.42801  5.50362e+06  215790  80593  
26.257  1.64108  1.4066  5.48479e+06  229320  85894  
26.6098  1.62502  1.38597  5.46511e+06  243439  91452.9  
26.9586  1.60986  1.36607  5.44454e+06  258172  97283.7  
27.3039  1.59559  1.34681  5.42305e+06  273547  103401  
27.6461  1.5822  1.32815  5.40058e+06  289596  109823  
27.9857  1.56973  1.31  5.37708e+06  306352  116568  
28.3233  1.55818  1.2923  5.35249e+06  323853  123658  
28.6593  1.5476  1.27497  5.32674e+06  342144  131117  
28.9944  1.53803  1.25792  5.29975e+06  361274  138972  
29.3292  1.52954  1.24106  5.27144e+06  381300  147256  
29.6642  1.52222  1.22428  5.24171e+06  402288  156006  
30.0004  1.51618  1.20744  5.21042e+06  424316  165266  
30.3384  1.51156  1.19038  5.17744e+06  447475  175087  
30.6793  1.50855  1.17293  5.14259e+06  471876  185531  
31.0241  1.50739  1.15489  5.10568e+06  497650  196674  
31.3743  1.50836  1.13615  5.06643e+06  524960  208609  
31.7314  1.51183  1.11682  5.02454e+06  554008  221450  
32.0974  1.51817  1.09783  4.97962e+06  585042  235341  
32.4743  1.52763  1.08242  4.93118e+06  618362  250459  
32.8647  1.53994  1.07997  4.87868e+06  654310  267015  
33.2699  1.55308  1.11335  4.82161e+06  693176  285213  
33.6883  1.56076  1.21886  4.75994e+06  734940  305124  
34.111  1.55081  1.39767  4.69474e+06  778801  326454  
34.5233  1.51329  1.55312  4.62841e+06  823124  348462  
34.9124  1.45324  1.59027  4.56332e+06  866314  370370  
35.2737  1.38507  1.52503  4.50071e+06  907554  391736  
35.6089  1.31977  1.41927  4.44083e+06  946715  412451  
35.9216  1.26185  1.31334  4.38344e+06  983992  432572  
36.2156  1.2119  1.22171  4.32813e+06  1.01966e+06  452212  
36.4945  1.16898  1.14609  4.27453e+06  1.05398e+06  471483  
36.7606  1.13185  1.08412  4.22235e+06  1.08717e+06  490481  
37.0163  1.09935  1.03283  4.17134e+06  1.11938e+06  509281  
37.2629  1.07061  0.989728  4.1213e+06  1.15075e+06  527945  
37.5019  1.04493  0.952896  4.0721e+06  1.18138e+06  546522  
37.7342  1.02177  0.920949  4.02361e+06  1.21134e+06  565050  
37.9607  1.00076  0.892873  3.97573e+06  1.2407e+06  583563  
38.1821  0.981564  0.867926  3.9284e+06  1.26951e+06  602088  
38.399  0.963956  0.845553  3.88153e+06  1.29782e+06  620650  
38.6119  0.947738  0.825333  3.83509e+06  1.32564e+06  639270  
38.8213  0.932756  0.80694  3.78901e+06  1.35303e+06  657966  
39.0276  0.918881  0.790118  3.74325e+06  1.37999e+06  676756  
39.231  0.90601  0.774664  3.69779e+06  1.40656e+06  695657  
39.4321  0.894056  0.760412  3.65258e+06  1.43274e+06  714683  
39.6309  0.882944  0.747226  3.6076e+06  1.45856e+06  733849  
39.8279  0.872615  0.734996  3.56281e+06  1.48402e+06  753169  
40.0232  0.863017  0.723626  3.5182e+06  1.50914e+06  772657  
40.2171  0.854104  0.71304  3.47374e+06  1.53393e+06  792327  
40.4099  0.845841  0.703169  3.42941e+06  1.5584e+06  812193  
40.6016  0.838196  0.693957  3.38519e+06  1.58255e+06  832268  
40.7926  0.831143  0.685355  3.34105e+06  1.60639e+06  852567  
40.9829  0.824661  0.677321  3.29698e+06  1.62992e+06  873104  
41.1729  0.818731  0.669818  3.25296e+06  1.65315e+06  893894  
41.3627  0.81334  0.662816  3.20896e+06  1.67608e+06  914954  
41.5524  0.808478  0.656286  3.16498e+06  1.69872e+06  936298  
41.7423  0.804137  0.650205  3.12099e+06  1.72106e+06  957946  
41.9326  0.800313  0.644551  3.07698e+06  1.74311e+06  979915  
42.1234  0.797005  0.639308  3.03291e+06  1.76486e+06  1.00222e+06  
42.3149  0.794214  0.634458  2.98878e+06  1.78633e+06  1.0249e+06  
42.5073  0.791947  0.629989  2.94456e+06  1.80749e+06  1.04795e+06  
42.7009  0.790211  0.62589  2.90023e+06  1.82836e+06  1.07141e+06  
42.8959  0.789017  0.62215  2.85576e+06  1.84893e+06  1.09531e+06  
43.0924  0.788381  0.618761  2.81114e+06  1.86919e+06  1.11967e+06  
43.2908  0.788322  0.615718  2.76633e+06  1.88915e+06  1.14452e+06  
43.4912  0.788862  0.613017  2.72131e+06  1.90879e+06  1.1699e+06  
43.694  0.790029  0.610655  2.67605e+06  1.92811e+06  1.19584e+06  
43.8995  0.791855  0.608634  2.63051e+06  1.9471e+06  1.22238e+06  
44.108  0.794378  0.606958  2.58467e+06  1.96576e+06  1.24958e+06  
44.3199  0.79764  0.605637  2.53847e+06  1.98406e+06  1.27747e+06  
44.5355  0.80169  0.60469  2.49188e+06  2.002e+06  1.30612e+06  
44.7553  0.806581  0.604149  2.44486e+06  2.01955e+06  1.33558e+06  
44.9797  0.81237  0.604067  2.39736e+06  2.03671e+06  1.36593e+06  
45.2094  0.819117  0.604529  2.34932e+06  2.05344e+06  1.39724e+06  
45.4447  0.826875  0.605676  2.3007e+06  2.06972e+06  1.42959e+06  
45.6864  0.835687  0.607736  2.25144e+06  2.0855e+06  1.46306e+06  
45.935  0.845561  0.611073  2.2015e+06  2.10075e+06  1.49775e+06  
46.1912  0.856448  0.616254  2.15084e+06  2.1154e+06  1.53376e+06  
46.4554  0.868192  0.624119  2.09947e+06  2.12938e+06  1.57114e+06  
46.728  0.880467  0.635787  2.04743e+06  2.1426e+06  1.60997e+06  
47.0089  0.892706  0.652471  1.99484e+06  2.15494e+06  1.65021e+06  
47.2976  0.904062  0.6749  1.94193e+06  2.16628e+06  1.69179e+06  
47.5926  0.913479  0.702337  1.88904e+06  2.17646e+06  1.7345e+06  
47.8919  0.919941  0.731812  1.83663e+06  2.18535e+06  1.77802e+06  
48.193  0.922852  0.75867  1.78519e+06  2.19286e+06  1.82196e+06  
48.4933  0.922299  0.778616  1.73514e+06  2.19892e+06  1.86593e+06  
48.791  0.918988  0.78967  1.68682e+06  2.20356e+06  1.90962e+06  
49.0848  0.913932  0.792473  1.64037e+06  2.20682e+06  1.95281e+06  
49.3739  0.908111  0.789195  1.59584e+06  2.20879e+06  1.99537e+06  
49.6585  0.902281  0.782271  1.55319e+06  2.20954e+06  2.03728e+06  
49.9386  0.896939  0.773672  1.5123e+06  2.20916e+06  2.07854e+06  
50.2147  0.892364  0.764731  1.47306e+06  2.20774e+06  2.11919e+06  
50.4874  0.888684  0.75623  1.43535e+06  2.20534e+06  2.1593e+06  
50.757  0.885935  0.748574  1.39905e+06  2.20202e+06  2.19892e+06  
51.0243  0.884103  0.741932  1.36405e+06  2.19784e+06  2.23812e+06  
51.2895  0.883147  0.736341  1.33024e+06  2.19283e+06  2.27694e+06  
51.5532  0.883018  0.73177  1.29753e+06  2.18703e+06  2.31543e+06  
51.8157  0.883665  0.72816  1.26586e+06  2.18048e+06  2.35366e+06  
52.0775  0.885041  0.725439  1.23514e+06  2.17321e+06  2.39165e+06  
52.3389  0.887103  0.723536  1.20532e+06  2.16523e+06  2.42945e+06  
52.6002  0.889814  0.722385  1.17634e+06  2.15657e+06  2.46709e+06  
52.8617  0.893143  0.721926  1.14815e+06  2.14724e+06  2.50461e+06  
53.1237  0.897064  0.722107  1.12071e+06  2.13727e+06  2.54202e+06  
53.3864  0.901554  0.722884  1.09397e+06  2.12666e+06  2.57937e+06  
53.6502  0.906598  0.724218  1.0679e+06  2.11542e+06  2.61668e+06  
53.9153  0.912182  0.726077  1.04247e+06  2.10357e+06  2.65396e+06  
54.1819  0.918296  0.728433  1.01764e+06  2.09112e+06  2.69124e+06  
54.4503  0.924934  0.731265  993394  2.07807e+06  2.72854e+06  
54.7207  0.932093  0.734553  969701  2.06443e+06  2.76587e+06  
54.9934  0.939772  0.738283  946537  2.0502e+06  2.80327e+06  
55.2685  0.947974  0.742441  923884  2.03538e+06  2.84073e+06  
55.5463  0.956702  0.747021  901721  2.01999e+06  2.87829e+06  
55.827  0.965963  0.752014  880029  2.00402e+06  2.91595e+06  
56.111  0.975767  0.757417  858793  1.98748e+06  2.95373e+06  
56.3984  0.986124  0.763227  837996  1.97036e+06  2.99165e+06  
56.6895  0.997049  0.769445  817624  1.95266e+06  3.02971e+06  
56.9845  1.00856  0.776072  797663  1.9344e+06  3.06794e+06  
57.2838  1.02066  0.783111  778100  1.91555e+06  3.10635e+06  
57.5875  1.03339  0.790568  758923  1.89614e+06  3.14494e+06  
57.8961  1.04676  0.79845  740122  1.87614e+06  3.18374e+06  
58.2098  1.0608  0.806765  721684  1.85556e+06  3.22276e+06  
58.5289  1.07553  0.815523  703601  1.83439e+06  3.26201e+06  
58.8537  1.09099  0.824737  685864  1.81264e+06  3.3015e+06  
59.1847  1.10721  0.834421  668462  1.79029e+06  3.34125e+06  
59.5221  1.12421  0.84459  651388  1.76735e+06  3.38127e+06  
59.8665  1.14205  0.855263  634634  1.7438e+06  3.42157e+06  
60.2181  1.16076  0.866461  618192  1.71964e+06  3.46216e+06  
60.5775  1.18038  0.878206  602056  1.69487e+06  3.50307e+06  
60.9452  1.20097  0.890526  586220  1.66948e+06  3.5443e+06  
61.3215  1.22256  0.903451  570676  1.64346e+06  3.58586e+06  
61.7072  1.24522  0.917016  555421  1.61681e+06  3.62777e+06  
62.1026  1.269  0.931259  540448  1.58951e+06  3.67004e+06  
62.5086  1.29395  0.946229  525753  1.56157e+06  3.71267e+06  
62.9256  1.32013  0.961978  511333  1.53298e+06  3.75569e+06  
63.3543  1.3476  0.97857  497184  1.50373e+06  3.79909e+06  
63.7956  1.37641  0.996079  483303  1.47381e+06  3.84288e+06  
64.2501  1.40661  1.0146  469689  1.44323e+06  3.88708e+06  
64.7186  1.43823  1.03422  456342  1.41199e+06  3.93167e+06  
65.2019  1.47131  1.05509  443261  1.38009e+06  3.97665e+06  
65.7009  1.50585  1.07733  430448  1.34754e+06  4.02202e+06  
66.2163  1.54183  1.10112  417907  1.31435e+06  4.06775e+06  
66.749  1.57918  1.12663  405642  1.28054e+06  4.11382e+06  
67.2996  1.61782  1.15406  393661  1.24615e+06  4.16019e+06  
67.8687  1.65758  1.18358  381973  1.21122e+06  4.2068e+06  
68.4569  1.69824  1.21533  370589  1.17581e+06  4.2536e+06  
69.0644  1.73953  1.24936  359521  1.13998e+06  4.3005e+06  
69.6913  1.78109  1.28559  348786  1.10383e+06  4.34738e+06  
70.3375  1.82256  1.32375  338398  1.06745e+06  4.39415e+06  
71.0024  1.86352  1.36338  328374  1.03097e+06  4.44066e+06  
71.6855  1.90362  1.40382  318728  994505  4.48677e+06  
72.3857  1.94254  1.44425  309474  958187  4.53234e+06  
73.102  1.98006  1.48386  300620  922146  4.57723e+06  
73.8335  2.01609  1.52189  292171  886502  4.62133e+06  
74.579  2.05064  1.55777  284127  851367  4.66451e+06  
75.3375  2.08381  1.59119  276483  816833  4.70668e+06  
76.1085  2.1158  1.62204  269232  782978  4.74779e+06  
76.8911  2.14683  1.65046  262361  749864  4.78778e+06  
77.6852  2.17714  1.67669  255855  717534  4.82661e+06  
78.4905  2.20698  1.70107  249699  686021  4.86428e+06  
79.3069  2.23656  1.72397  243875  655345  4.90078e+06  
80.1347  2.26608  1.74573  238367  625517  4.93612e+06  
80.9741  2.2957  1.76668  233156  596540  4.9703e+06  
81.8255  2.32557  1.78707  228225  568415  5.00336e+06  
82.6894  2.35581  1.80715  223560  541136  5.0353e+06  
83.5663  2.38651  1.82709  219144  514695  5.06616e+06  
84.4569  2.41777  1.84704  214963  489083  5.09595e+06  
85.3619  2.44965  1.86711  211004  464288  5.12471e+06  
86.2821  2.48222  1.88741  207253  440300  5.15245e+06  
87.2182  2.51554  1.908  203700  417106  5.17919e+06  
88.1711  2.54966  1.92895  200333  394693  5.20497e+06  
89.1418  2.58465  1.95029  197142  373049  5.22981e+06  
90.1311  2.62054  1.97207  194117  352163  5.25372e+06  
91.1403  2.65741  1.99432  191251  332020  5.27673e+06  
92.1703  2.6953  2.01706  188534  312610  5.29886e+06  
93.2224  2.73427  2.04033  185960  293920  5.32012e+06  
94.2978  2.77439  2.06415  183521  275939  5.34054e+06  
95.3977  2.81573  2.08853  181211  258655  5.36013e+06  
96.5237  2.85837  2.11351  179023  242055  5.37892e+06  
97.6773  2.90238  2.1391  176952  226130  5.39692e+06  
98.8601  2.94786  2.16533  174992  210867  5.41414e+06  
