0  0.458366  0.00707992  5.7979e+06  2099  3.41516  
0.0673689  0.752401  0.156722  5.7976e+06  2390.84  13.4826  
0.162104  0.892152  0.519373  5.7971e+06  2871.04  30.049  
0.265137  0.930296  0.812633  5.79644e+06  3503.29  51.8632  
0.366384  0.922073  0.937357  5.79566e+06  4259.94  77.9732  
0.462174  0.896742  0.955753  5.79477e+06  5125.61  107.849  
0.551736  0.866952  0.92929  5.79377e+06  6093.33  141.253  
0.635356  0.837538  0.889137  5.79266e+06  7160.93  178.111  
0.713616  0.810084  0.84774  5.79145e+06  8328.72  218.437  
0.787124  0.784923  0.809243  5.79014e+06  9598.21  262.285  
0.856425  0.761949  0.7746  5.78872e+06  10971.4  309.727  
0.921991  0.740934  0.743672  5.78719e+06  12450.7  360.845  
0.984222  0.721635  0.716019  5.78555e+06  14038.3  415.722  
1.04346  0.703837  0.69117  5.78379e+06  15736.6  474.445  
1.09998  0.687353  0.668707  5.78191e+06  17547.9  537.098  
1.15406  0.672024  0.648281  5.77992e+06  19474.7  603.765  
1.20589  0.65772  0.629606  5.77781e+06  21519.2  674.532  
1.25567  0.644328  0.612444  5.77557e+06  23683.7  749.483  
1.30357  0.631752  0.596603  5.7732e+06  25970.6  828.701  
1.34973  0.61991  0.58192  5.77071e+06  28382  912.271  
1.39428  0.608734  0.56826  5.76808e+06  30920.2  1000.28  
1.43733  0.59816  0.55551  5.76532e+06  33587.5  1092.8  
1.479  0.588136  0.543573  5.76242e+06  36386.2  1189.93  
1.51937  0.578615  0.532365  5.75939e+06  39318.4  1291.76  
1.55853  0.569556  0.521814  5.75622e+06  42386.5  1398.35  
1.59655  0.560922  0.511859  5.7529e+06  45592.7  1509.82  
1.63351  0.55268  0.502445  5.74943e+06  48939.2  1626.23  
1.66947  0.544802  0.493524  5.74582e+06  52428.3  1747.68  
1.70448  0.537261  0.485055  5.74206e+06  56062.4  1874.25  
1.73861  0.530033  0.477001  5.73815e+06  59843.6  2006.05  
1.77189  0.523098  0.469328  5.73408e+06  63774.3  2143.15  
1.80438  0.516436  0.462008  5.72986e+06  67856.9  2285.66  
1.83612  0.51003  0.455014  5.72547e+06  72093.7  2433.66  
1.86714  0.503864  0.448322  5.72093e+06  76487  2587.26  
1.89749  0.497923  0.441911  5.71621e+06  81039.3  2746.55  
1.92719  0.492195  0.435761  5.71134e+06  85753  2911.63  
1.95627  0.486667  0.429856  5.70629e+06  90630.6  3082.61  
1.98478  0.481328  0.42418  5.70107e+06  95674.6  3259.58  
2.01272  0.476168  0.418718  5.69567e+06  100888  3442.65  
2.04014  0.471177  0.413456  5.6901e+06  106272  3631.94  
2.06705  0.466347  0.408384  5.68434e+06  111831  3827.55  
2.09348  0.46167  0.403489  5.6784e+06  117566  4029.6  
2.11945  0.457137  0.398762  5.67228e+06  123481  4238.2  
2.14498  0.452744  0.394193  5.66597e+06  129578  4453.48  
2.17008  0.448482  0.389773  5.65946e+06  135861  4675.56  
2.19478  0.444346  0.385496  5.65276e+06  142332  4904.57  
2.2191  0.440331  0.381353  5.64587e+06  148994  5140.63  
2.24304  0.436431  0.377337  5.63877e+06  155850  5383.89  
2.26663  0.432642  0.373443  5.63146e+06  162903  5634.49  
2.28988  0.428959  0.369663  5.62395e+06  170157  5892.56  
2.3128  0.425378  0.365994  5.61623e+06  177615  6158.26  
2.33541  0.421896  0.362429  5.60829e+06  185281  6431.74  
2.35773  0.418508  0.358964  5.60013e+06  193157  6713.17  
2.37975  0.415212  0.355595  5.59175e+06  201248  7002.71  
2.4015  0.412004  0.352317  5.58314e+06  209557  7300.52  
2.42299  0.408882  0.349127  5.5743e+06  218089  7606.8  
2.44423  0.405843  0.34602  5.56523e+06  226847  7921.72  
2.46522  0.402884  0.342994  5.55592e+06  235835  8245.49  
2.48599  0.400003  0.340045  5.54636e+06  245058  8578.3  
2.50653  0.397198  0.33717  5.53656e+06  254520  8920.36  
2.52686  0.394468  0.334367  5.5265e+06  264227  9271.9  
2.54699  0.39181  0.331632  5.51618e+06  274182  9633.14  
2.56693  0.389224  0.328963  5.5056e+06  284392  10004.3  
2.58669  0.386707  0.326359  5.49475e+06  294861  10385.7  
2.60627  0.384258  0.323816  5.48363e+06  305595  10777.6  
2.62568  0.381877  0.321332  5.47222e+06  316600  11180.2  
2.64494  0.379562  0.318906  5.46052e+06  327882  11593.9  
2.66405  0.377314  0.316536  5.44853e+06  339448  12018.9  
2.68301  0.37513  0.314219  5.43624e+06  351304  12455.6  
2.70185  0.373012  0.311955  5.42364e+06  363458  12904.3  
2.72056  0.370958  0.309742  5.41072e+06  375917  13365.4  
2.73916  0.36897  0.307577  5.39747e+06  388690  13839.3  
2.75765  0.367046  0.30546  5.38389e+06  401784  14326.4  
2.77603  0.365189  0.303389  5.36996e+06  415210  14827.1  
2.79433  0.363397  0.301363  5.35568e+06  428977  15342  
2.81255  0.361673  0.299379  5.34103e+06  443095  15871.5  
2.83069  0.360018  0.297438  5.32601e+06  457576  16416.1  
2.84877  0.358433  0.295538  5.31059e+06  472431  16976.5  
2.86679  0.356921  0.293676  5.29477e+06  487673  17553.3  
2.88477  0.355483  0.291852  5.27854e+06  503317  18147.1  
2.90271  0.354123  0.290064  5.26186e+06  519377  18758.7  
2.92063  0.352844  0.28831  5.24474e+06  535870  19388.8  
2.93853  0.35165  0.286588  5.22715e+06  552814  20038.5  
2.95643  0.350546  0.284896  5.20906e+06  570228  20708.5  
2.97434  0.349539  0.283231  5.19047e+06  588134  21400  
2.99227  0.348634  0.28159  5.17133e+06  606556  22114.1  
3.01024  0.347839  0.279968  5.15163e+06  625520  22852  
3.02827  0.347165  0.278361  5.13133e+06  645056  23615.4  
3.04636  0.346624  0.276761  5.1104e+06  665197  24405.6  
3.06455  0.346228  0.275161  5.08879e+06  685981  25224.6  
3.08285  0.345995  0.273549  5.06648e+06  707450  26074.4  
3.10128  0.345945  0.27191  5.04339e+06  729654  26957.4  
3.11988  0.346106  0.270223  5.01947e+06  752649  27876.3  
3.13868  0.346507  0.26846  4.99466e+06  776503  28834.3  
3.15771  0.347192  0.266578  4.96887e+06  801294  29835.3  
3.17702  0.348212  0.264519  4.942e+06  827119  30883.7  
3.19668  0.349639  0.262193  4.91392e+06  854092  31985.2  
3.21675  0.351567  0.259464  4.88449e+06  882361  33146.6  
3.23731  0.35413  0.256112  4.85351e+06  912112  34376.7  
3.2585  0.35752  0.251773  4.82072e+06  943589  35687.2  
3.28047  0.36203  0.245799  4.78578e+06  977130  37093.8  
3.30347  0.36813  0.23696  4.74816e+06  1.01322e+06  38619.3  
3.32786  0.376647  0.222683  4.7071e+06  1.0526e+06  40298.6  
3.35428  0.389205  0.196954  4.66124e+06  1.09657e+06  42191.4  
3.38404  0.40963  0.146106  4.60788e+06  1.14771e+06  44417.5  
3.42063  0.449427  0.213844  4.53978e+06  1.21292e+06  47295.9  
3.46248  0.474793  0.922148  4.45853e+06  1.29068e+06  50787.5  
3.49616  0.421658  0.854366  4.39055e+06  1.35569e+06  53757.8  
3.52297  0.373227  0.591409  4.3348e+06  1.40897e+06  56228.7  
3.54568  0.341079  0.440778  4.28647e+06  1.45514e+06  58396.3  
3.56591  0.319982  0.36283  4.24256e+06  1.49706e+06  60387  
3.58453  0.305286  0.319603  4.20143e+06  1.5363e+06  62270.1  
3.60202  0.294289  0.293129  4.16221e+06  1.5737e+06  64083.4  
3.61866  0.285538  0.275258  4.12439e+06  1.60976e+06  65848.5  
3.6346  0.278246  0.262156  4.08765e+06  1.64478e+06  67578.5  
3.64998  0.271971  0.251919  4.05178e+06  1.67893e+06  69282.1  
3.66487  0.266451  0.243547  4.01666e+06  1.71238e+06  70965.4  
3.67934  0.26152  0.236472  3.98217e+06  1.7452e+06  72632.8  
3.69344  0.257065  0.230355  3.94822e+06  1.77749e+06  74287.9  
3.7072  0.253006  0.224975  3.91476e+06  1.8093e+06  75933.3  
3.72066  0.249285  0.220184  3.88173e+06  1.8407e+06  77571.4  
3.73385  0.245855  0.215875  3.84909e+06  1.87171e+06  79204  
3.7468  0.242681  0.211969  3.8168e+06  1.90237e+06  80832.9  
3.75953  0.239733  0.208405  3.78482e+06  1.93272e+06  82459.5  
3.77205  0.236989  0.205135  3.75313e+06  1.96278e+06  84085  
3.78438  0.234427  0.202123  3.72171e+06  1.99258e+06  85710.6  
3.79653  0.232032  0.199337  3.69052e+06  2.02214e+06  87337.3  
3.80853  0.229789  0.196752  3.65956e+06  2.05147e+06  88966  
3.82037  0.227687  0.194347  3.62881e+06  2.08059e+06  90597.6  
3.83208  0.225714  0.192105  3.59825e+06  2.10952e+06  92232.8  
3.84366  0.223862  0.190011  3.56786e+06  2.13827e+06  93872.4  
3.85512  0.222122  0.188051  3.53764e+06  2.16685e+06  95517.1  
3.86647  0.220489  0.186216  3.50756e+06  2.19527e+06  97167.6  
3.87772  0.218955  0.184495  3.47763e+06  2.22354e+06  98824.4  
3.88887  0.217515  0.18288  3.44783e+06  2.25168e+06  100488  
3.89994  0.216165  0.181363  3.41816e+06  2.27968e+06  102160  
3.91092  0.2149  0.17994  3.38859e+06  2.30757e+06  103839  
3.92183  0.213717  0.178603  3.35913e+06  2.33534e+06  105527  
3.93267  0.212611  0.177348  3.32977e+06  2.36301e+06  107225  
3.94344  0.21158  0.17617  3.30049e+06  2.39057e+06  108932  
3.95416  0.210622  0.175066  3.27131e+06  2.41805e+06  110649  
3.96482  0.209733  0.174031  3.24219e+06  2.44543e+06  112378  
3.97543  0.208912  0.173063  3.21315e+06  2.47273e+06  114117  
3.986  0.208156  0.172159  3.18417e+06  2.49996e+06  115869  
3.99652  0.207464  0.171316  3.15525e+06  2.52711e+06  117632  
4.00701  0.206834  0.170531  3.12639e+06  2.5542e+06  119409  
4.01747  0.206266  0.169804  3.09757e+06  2.58123e+06  121200  
4.0279  0.205757  0.169131  3.0688e+06  2.6082e+06  123004  
4.03831  0.205306  0.168511  3.04006e+06  2.63511e+06  124823  
4.04869  0.204914  0.167943  3.01136e+06  2.66198e+06  126657  
4.05906  0.204578  0.167425  2.98269e+06  2.6888e+06  128506  
4.06942  0.204299  0.166957  2.95404e+06  2.71559e+06  130372  
4.07977  0.204076  0.166536  2.92541e+06  2.74234e+06  132255  
4.09012  0.203908  0.166162  2.89679e+06  2.76905e+06  134156  
4.10046  0.203796  0.165833  2.86819e+06  2.79574e+06  136074  
4.11081  0.203738  0.165551  2.83959e+06  2.8224e+06  138012  
4.12116  0.203736  0.165312  2.81099e+06  2.84904e+06  139969  
4.13152  0.203788  0.165118  2.78239e+06  2.87567e+06  141946  
4.1419  0.203896  0.164967  2.75377e+06  2.90228e+06  143944  
4.15229  0.20406  0.16486  2.72515e+06  2.92889e+06  145965  
4.1627  0.204279  0.164795  2.69651e+06  2.95548e+06  148007  
4.17314  0.204555  0.164772  2.66785e+06  2.98208e+06  150073  
4.18361  0.204889  0.164792  2.63915e+06  3.00868e+06  152164  
4.19411  0.20528  0.164854  2.61043e+06  3.03529e+06  154280  
4.20465  0.20573  0.164959  2.58167e+06  3.06191e+06  156421  
4.21523  0.206241  0.165105  2.55287e+06  3.08854e+06  158590  
4.22586  0.206813  0.165294  2.52402e+06  3.11519e+06  160788  
4.23653  0.207448  0.165525  2.49511e+06  3.14187e+06  163014  
4.24726  0.208147  0.165799  2.46615e+06  3.16858e+06  165272  
4.25805  0.208913  0.166116  2.43712e+06  3.19531e+06  167561  
4.26891  0.209747  0.166476  2.40802e+06  3.22209e+06  169883  
4.27984  0.210651  0.16688  2.37885e+06  3.24891e+06  172240  
4.29084  0.211629  0.167329  2.34958e+06  3.27578e+06  174633  
4.30193  0.212682  0.167822  2.32023e+06  3.30271e+06  177064  
4.3131  0.213815  0.16836  2.29077e+06  3.32969e+06  179534  
4.32437  0.215031  0.168944  2.26121e+06  3.35675e+06  182045  
4.33574  0.216334  0.169575  2.23152e+06  3.38388e+06  184600  
4.34722  0.217728  0.170253  2.20171e+06  3.41109e+06  187200  
4.35881  0.219218  0.170979  2.17177e+06  3.43839e+06  189848  
4.37054  0.22081  0.171754  2.14167e+06  3.46579e+06  192546  
4.3824  0.222511  0.172578  2.11141e+06  3.49329e+06  195297  
4.3944  0.224327  0.173452  2.08098e+06  3.52092e+06  198104  
4.40656  0.226268  0.174376  2.05035e+06  3.54868e+06  200970  
4.4189  0.228342  0.175351  2.01952e+06  3.57658e+06  203899  
4.43141  0.23056  0.176376  1.98847e+06  3.60463e+06  206895  
4.44412  0.232936  0.177452  1.95718e+06  3.63286e+06  209962  
4.45705  0.235483  0.178576  1.92562e+06  3.66128e+06  213105  
4.47021  0.238219  0.179746  1.89376e+06  3.68991e+06  216330  
4.48362  0.241165  0.18096  1.86159e+06  3.71877e+06  219642  
4.49732  0.244344  0.18221  1.82907e+06  3.74788e+06  223050  
4.51131  0.247786  0.183489  1.79615e+06  3.77729e+06  226561  
4.52565  0.251527  0.184784  1.76279e+06  3.80702e+06  230185  
4.54036  0.255611  0.186073  1.72895e+06  3.83712e+06  233933  
4.55549  0.260094  0.187326  1.69455e+06  3.86763e+06  237819  
4.57109  0.265047  0.188497  1.65952e+06  3.89863e+06  241857  
4.58723  0.270563  0.189512  1.62376e+06  3.93017e+06  246069  
4.60398  0.276767  0.190254  1.58714e+06  3.96238e+06  250478  
4.62147  0.283831  0.190527  1.54952e+06  3.99536e+06  255116  
4.63982  0.292005  0.189998  1.51067e+06  4.0293e+06  260025  
4.65923  0.301663  0.188057  1.4703e+06  4.06444e+06  265262  
4.67999  0.313409  0.183517  1.42796e+06  4.10113e+06  270911  
4.70252  0.328301  0.173855  1.38296e+06  4.13994e+06  277103  
4.72762  0.348441  0.153243  1.33404e+06  4.1819e+06  284065  
4.7569  0.378838  0.114042  1.27858e+06  4.22915e+06  292275  
4.79446  0.432616  0.289673  1.20998e+06  4.28709e+06  302936  
4.8339  0.447132  0.751536  1.141e+06  4.34472e+06  314284  
4.8668  0.411246  0.669451  1.08583e+06  4.3903e+06  323865  
4.89448  0.379278  0.505019  1.0411e+06  4.4269e+06  331999  
4.91895  0.358411  0.406914  1.00278e+06  4.45797e+06  339248  
4.94148  0.345334  0.353917  968552  4.48548e+06  345963  
4.96274  0.336902  0.324093  937123  4.51054e+06  352341  
4.98314  0.331201  0.30608  907779  4.53373e+06  358491  
5.00291  0.327164  0.294367  880090  4.55543e+06  364480  
5.02219  0.324201  0.28623  853775  4.57588e+06  370349  
5.04109  0.321976  0.28027  828642  4.59523e+06  376126  
5.05967  0.320289  0.275728  804547  4.61362e+06  381831  
5.078  0.319011  0.272171  781381  4.63114e+06  387479  
5.09612  0.31806  0.269333  759056  4.64786e+06  393084  
5.11407  0.317374  0.267041  737502  4.66385e+06  398653  
5.13186  0.31691  0.265181  716658  4.67915e+06  404196  
5.14954  0.316636  0.263669  696473  4.69381e+06  409719  
5.16712  0.316526  0.262443  676905  4.70787e+06  415229  
5.18463  0.316559  0.261458  657915  4.72135e+06  420730  
5.20207  0.316719  0.260677  639470  4.7343e+06  426228  
5.21946  0.316992  0.260072  621541  4.74673e+06  431726  
5.23683  0.317368  0.259621  604102  4.75867e+06  437228  
5.25418  0.317837  0.259304  587129  4.77013e+06  442738  
5.27152  0.318391  0.259107  570601  4.78114e+06  448258  
5.28886  0.319025  0.259016  554500  4.79171e+06  453792  
5.30621  0.319731  0.259021  538807  4.80185e+06  459343  
5.32359  0.320506  0.259114  523506  4.81158e+06  464912  
5.34101  0.321346  0.259286  508584  4.82091e+06  470503  
5.35846  0.322246  0.259531  494026  4.82986e+06  476118  
5.37596  0.323204  0.259843  479821  4.83842e+06  481759  
5.39352  0.324218  0.260218  465955  4.84662e+06  487428  
5.41115  0.325284  0.26065  452420  4.85445e+06  493127  
5.42885  0.326401  0.261138  439204  4.86194e+06  498859  
5.44662  0.327567  0.261677  426298  4.86908e+06  504625  
5.46449  0.328781  0.262264  413694  4.87588e+06  510427  
5.48244  0.330042  0.262898  401383  4.88235e+06  516268  
5.5005  0.331349  0.263576  389357  4.88849e+06  522149  
5.51866  0.3327  0.264296  377609  4.89432e+06  528072  
5.53694  0.334095  0.265056  366132  4.89983e+06  534039  
5.55534  0.335534  0.265856  354920  4.90503e+06  540052  
5.57386  0.337017  0.266694  343966  4.90992e+06  546113  
5.59252  0.338542  0.267568  333264  4.91451e+06  552224  
5.61132  0.34011  0.268478  322809  4.9188e+06  558386  
5.63027  0.34172  0.269423  312595  4.9228e+06  564602  
5.64937  0.343373  0.270403  302617  4.92651e+06  570874  
5.66864  0.34507  0.271416  292870  4.92993e+06  577204  
5.68807  0.346809  0.272463  283350  4.93306e+06  583593  
5.70768  0.348592  0.273543  274051  4.9359e+06  590044  
5.72748  0.350419  0.274656  264970  4.93847e+06  596559  
5.74746  0.35229  0.275801  256102  4.94076e+06  603140  
5.76764  0.354206  0.276978  247443  4.94277e+06  609790  
5.78804  0.356168  0.278188  238990  4.9445e+06  616510  
5.80864  0.358176  0.27943  230739  4.94596e+06  623303  
5.82947  0.360232  0.280704  222685  4.94714e+06  630172  
5.85053  0.362335  0.282011  214826  4.94806e+06  637118  
5.87183  0.364488  0.283351  207158  4.9487e+06  644145  
5.89338  0.366692  0.284723  199678  4.94907e+06  651255  
5.91519  0.368946  0.286129  192382  4.94917e+06  658451  
5.93727  0.371254  0.287569  185268  4.949e+06  665736  
5.95963  0.373615  0.289043  178332  4.94856e+06  673112  
5.98228  0.376033  0.290551  171573  4.94784e+06  680583  
6.00522  0.378507  0.292095  164985  4.94686e+06  688152  
6.02848  0.381041  0.293674  158568  4.94561e+06  695822  
6.05207  0.383635  0.295289  152318  4.94409e+06  703597  
6.07599  0.386291  0.296942  146233  4.94229e+06  711479  
6.10025  0.389013  0.298632  140309  4.94022e+06  719474  
6.12488  0.391801  0.300361  134545  4.93787e+06  727584  
6.14989  0.394659  0.30213  128938  4.93525e+06  735813  
6.17529  0.397588  0.303939  123486  4.93235e+06  744167  
6.20109  0.400592  0.305789  118185  4.92917e+06  752648  
6.22731  0.403673  0.307682  113035  4.9257e+06  761263  
6.25398  0.406833  0.309619  108032  4.92195e+06  770015  
6.2811  0.410078  0.3116  103174  4.91792e+06  778910  
6.30869  0.413409  0.313628  98459.1  4.91359e+06  787954  
6.33678  0.41683  0.315703  93885  4.90896e+06  797150  
6.36538  0.420345  0.317827  89449.6  4.90404e+06  806507  
6.39452  0.423959  0.320001  85150.6  4.89882e+06  816029  
6.42423  0.427676  0.322227  80986.1  4.89329e+06  825724  
6.45451  0.4315  0.324507  76953.8  4.88745e+06  835598  
6.48541  0.435436  0.326842  73051.7  4.88129e+06  845658  
6.51694  0.439491  0.329234  69277.9  4.87481e+06  855913  
6.54914  0.443669  0.331685  65630.2  4.868e+06  866370  
6.58204  0.447977  0.334198  62106.7  4.86085e+06  877039  
6.61567  0.452422  0.336774  58705.4  4.85337e+06  887928  
6.65006  0.457011  0.339415  55424.3  4.84553e+06  899047  
6.68525  0.461751  0.342125  52261.4  4.83733e+06  910407  
6.72129  0.466652  0.344905  49214.9  4.82877e+06  922019  
6.75822  0.471722  0.347758  46282.7  4.81982e+06  933895  
6.79608  0.476971  0.350687  43463  4.81049e+06  946047  
6.83491  0.48241  0.353694  40753.8  4.80076e+06  958490  
6.87479  0.488051  0.356783  38153.2  4.79061e+06  971238  
6.91575  0.493905  0.359957  35659.3  4.78003e+06  984307  
6.95787  0.499989  0.363219  33270.2  4.76902e+06  997714  
7.00122  0.506315  0.366573  30984  4.75754e+06  1.01148e+06  
7.04586  0.512902  0.370021  28798.7  4.74558e+06  1.02562e+06  
7.09187  0.519767  0.373567  26712.5  4.73313e+06  1.04016e+06  
7.13934  0.526932  0.377216  24723.4  4.72016e+06  1.05512e+06  
7.18838  0.534418  0.38097  22829.6  4.70665e+06  1.07052e+06  
7.23907  0.54225  0.384833  21029  4.69257e+06  1.08641e+06  
7.29154  0.550456  0.388809  19319.8  4.67789e+06  1.10279e+06  
7.34591  0.559068  0.392901  17700  4.66258e+06  1.11972e+06  
7.40233  0.56812  0.397112  16167.7  4.6466e+06  1.13723e+06  
7.46094  0.577651  0.401444  14720.8  4.62993e+06  1.15535e+06  
7.52193  0.587707  0.4059  13357.5  4.6125e+06  1.17414e+06  
7.58548  0.598338  0.410481  12075.6  4.59428e+06  1.19365e+06  
7.65182  0.609602  0.415186  10873.2  4.5752e+06  1.21392e+06  
7.7212  0.621565  0.420012  9748.2  4.55521e+06  1.23504e+06  
7.79389  0.634306  0.424955  8698.55  4.53424e+06  1.25706e+06  
7.87022  0.647915  0.430004  7722.15  4.5122e+06  1.28008e+06  
7.95056  0.662497  0.435146  6816.86  4.489e+06  1.30418e+06  
8.03534  0.678179  0.440359  5980.53  4.46453e+06  1.32949e+06  
8.12506  0.695111  0.445609  5210.96  4.43867e+06  1.35611e+06  
8.22032  0.713476  0.450849  4505.93  4.41128e+06  1.38422e+06  
8.32182  0.733496  0.456009  3863.15  4.38217e+06  1.41397e+06  
8.43041  0.755449  0.460992  3280.31  4.35114e+06  1.44558e+06  
8.54713  0.779683  0.465659  2755.05  4.31794e+06  1.47931e+06  
8.67326  0.806642  0.469823  2284.96  4.28225e+06  1.51546e+06  
8.81042  0.836901  0.473243  1867.56  4.24369e+06  1.55445e+06  
8.96069  0.871212  0.475675  1500.37  4.20175e+06  1.59675e+06  
9.12676  0.910556  0.4771  1180.86  4.15581e+06  1.64301e+06  
9.31219  0.956157  0.478612  906.538  4.10502e+06  1.69407e+06  
9.52162  1.00927  0.485586  675.066  4.04834e+06  1.75099e+06  
9.76051  1.07002  0.516734  484.573  3.98456e+06  1.81496e+06  
10.0328  1.13332  0.612015  334.105  3.91304e+06  1.88662e+06  
10.3345  1.18345  0.777964  222.92  3.83523e+06  1.96454e+06  
10.6528  1.20613  0.921643  146.705  3.75478e+06  2.04507e+06  
10.9762  1.20709  0.984771  96.7687  3.67474e+06  2.12517e+06  
11.2995  1.19911  0.993205  64.4172  3.59641e+06  2.20352e+06  
11.6215  1.18982  0.9811  43.332  3.52007e+06  2.27989e+06  
11.9424  1.18212  0.965545  29.4328  3.44556e+06  2.35441e+06  
12.2631  1.17666  0.952352  20.1633  3.37268e+06  2.4273e+06  
12.5844  1.17333  0.942673  13.9171  3.30122e+06  2.49877e+06  
12.9067  1.17181  0.936174  9.67024  3.23104e+06  2.56895e+06  
13.2306  1.17182  0.932221  6.76035  3.16202e+06  2.63797e+06  
13.5565  1.17313  0.930243  4.75284  3.09408e+06  2.70592e+06  
13.8845  1.17557  0.929807  3.35929  3.02715e+06  2.77284e+06  
14.2149  1.17902  0.930608  2.3864  2.9612e+06  2.8388e+06  
14.5479  1.1834  0.932433  1.70356  2.89618e+06  2.90382e+06  
14.8838  1.18864  0.935137  1.22185  2.83206e+06  2.96794e+06  
15.2225  1.1947  0.938619  0.880387  2.76882e+06  3.03117e+06  
15.5643  1.20154  0.942806  0.637195  2.70644e+06  3.09355e+06  
15.9093  1.20913  0.947647  0.463206  2.64491e+06  3.15509e+06  
16.2576  1.21745  0.953102  0.338175  2.58419e+06  3.21581e+06  
16.6095  1.22646  0.959141  0.247937  2.52429e+06  3.27571e+06  
16.9649  1.23617  0.965738  0.182535  2.46518e+06  3.33482e+06  
17.324  1.24653  0.972873  0.134936  2.40686e+06  3.39314e+06  
17.687  1.25754  0.980526  0.100154  2.34931e+06  3.45069e+06  
18.054  1.26918  0.988682  0.0746341  2.29254e+06  3.50746e+06  
18.425  1.28144  0.997325  0.055837  2.23652e+06  3.56348e+06  
18.8004  1.2943  1.00644  0.0419377  2.18125e+06  3.61875e+06  
19.1801  1.30774  1.01601  0.0316206  2.12673e+06  3.67327e+06  
19.5643  1.32176  1.02603  0.0239334  2.07294e+06  3.72706e+06  
19.9531  1.33633  1.03649  0.0181843  2.0199e+06  3.7801e+06  
20.3468  1.35145  1.04736  0.0138687  1.96758e+06  3.83242e+06  
20.7454  1.36711  1.05865  0.0106173  1.91598e+06  3.88402e+06  
21.149  1.38328  1.07034  0.00815872  1.86511e+06  3.93489e+06  
21.5579  1.39996  1.08241  0.00629295  1.81496e+06  3.98504e+06  
21.9721  1.41715  1.09486  0.00487197  1.76553e+06  4.03447e+06  
22.3918  1.43482  1.10768  0.0037859  1.71681e+06  4.08319e+06  
22.8172  1.45297  1.12086  0.00295287  1.66881e+06  4.13119e+06  
23.2484  1.4716  1.13439  0.00231167  1.62152e+06  4.17848e+06  
23.6855  1.49068  1.14826  0.0018164  1.57495e+06  4.22505e+06  
24.1288  1.51022  1.16246  0.00143253  1.52908e+06  4.27092e+06  
24.5785  1.5302  1.17699  0.00113395  1.48393e+06  4.31607e+06  
25.0346  1.55062  1.19183  0.000900929  1.43948e+06  4.36052e+06  
25.4974  1.57148  1.20698  0.000718434  1.39575e+06  4.40425e+06  
25.967  1.59277  1.22243  0.000575022  1.35273e+06  4.44727e+06  
26.4436  1.61447  1.23818  0.000461939  1.31042e+06  4.48958e+06  
26.9275  1.6366  1.25422  0.000372467  1.26882e+06  4.53118e+06  
27.4188  1.65914  1.27054  0.000301435  1.22794e+06  4.57206e+06  
27.9177  1.6821  1.28714  0.000244853  1.18776e+06  4.61224e+06  
28.4245  1.70546  1.30402  0.000199628  1.1483e+06  4.6517e+06  
28.9394  1.72924  1.32117  0.000163359  1.10956e+06  4.69044e+06  
29.4626  1.75342  1.33858  0.000134175  1.07153e+06  4.72847e+06  
29.9943  1.77801  1.35626  0.000110614  1.03421e+06  4.76579e+06  
30.5348  1.80302  1.3742  9.15278e-05  997607  4.80239e+06  
31.0843  1.82843  1.39239  7.60163e-05  961720  4.83828e+06  
31.6432  1.85427  1.41085  6.33678e-05  926548  4.87345e+06  
32.2116  1.88052  1.42955  5.302e-05  892091  4.90791e+06  
32.79  1.9072  1.44852  4.45265e-05  858349  4.94165e+06  
33.3785  1.93432  1.46773  3.75323e-05  825322  4.97468e+06  
33.9776  1.96187  1.4872  3.1754e-05  793009  5.00699e+06  
34.5876  1.98987  1.50693  2.69648e-05  761410  5.03859e+06  
35.2087  2.01833  1.52691  2.29826e-05  730525  5.06948e+06  
35.8414  2.04726  1.54716  1.96609e-05  700351  5.09965e+06  
36.4861  2.07667  1.56766  1.68813e-05  670889  5.12911e+06  
37.1431  2.10657  1.58844  1.4548e-05  642137  5.15786e+06  
37.8129  2.13699  1.60948  1.25833e-05  614092  5.18591e+06  
38.496  2.16794  1.63079  1.09238e-05  586755  5.21325e+06  
39.1928  2.19944  1.65239  9.51776e-06  560122  5.23988e+06  
39.9038  2.23151  1.67428  8.3229e-06  534191  5.26581e+06  
40.6296  2.26418  1.69646  7.30446e-06  508959  5.29104e+06  
41.3707  2.29746  1.71894  6.4338e-06  484425  5.31557e+06  
42.1276  2.33139  1.74173  5.68732e-06  460585  5.33941e+06  
42.9011  2.36601  1.76485  5.04545e-06  437436  5.36256e+06  
43.6918  2.40133  1.78829  4.49197e-06  414974  5.38503e+06  
44.5005  2.43741  1.81208  4.01337e-06  393196  5.4068e+06  
45.3277  2.47427  1.83623  3.5984e-06  372098  5.4279e+06  
46.1745  2.51198  1.86076  3.23763e-06  351674  5.44833e+06  
47.0416  2.55056  1.88566  2.92316e-06  331922  5.46808e+06  
47.9299  2.59008  1.91098  2.64834e-06  312835  5.48716e+06  
48.8405  2.63059  1.93671  2.40757e-06  294409  5.50559e+06  
49.7744  2.67216  1.96288  2.19613e-06  276639  5.52336e+06  
50.7327  2.71485  1.98952  2.00999e-06  259518  5.54048e+06  
51.7166  2.75874  2.01663  1.84577e-06  243040  5.55696e+06  
52.7275  2.80392  2.04426  1.70057e-06  227200  5.5728e+06  
53.7669  2.85047  2.07242  1.5719e-06  211991  5.58801e+06  
54.8361  2.89849  2.10113  1.45767e-06  197405  5.6026e+06  
55.937  2.9481  2.13043  1.35606e-06  183436  5.61656e+06  
57.0713  2.99942  2.16035  1.26551e-06  170075  5.62992e+06  
58.241  3.05258  2.19092  1.18468e-06  157316  5.64268e+06  
59.4483  3.10773  2.22218  1.11243e-06  145150  5.65485e+06  
60.6956  3.16504  2.25415  1.04774e-06  133569  5.66643e+06  
61.9854  3.2247  2.28687  9.89763e-07  122563  5.67744e+06  
63.3207  3.28691  2.32039  9.37736e-07  112124  5.68788e+06  
64.7045  3.35191  2.35474  8.91008e-07  102242  5.69776e+06  
66.1405  3.41996  2.38996  8.49009e-07  92908  5.70709e+06  
67.6326  3.49136  2.4261  8.11242e-07  84110.8  5.71589e+06  
69.1851  3.56646  2.46317  7.77269e-07  75840.3  5.72416e+06  
70.8029  3.64562  2.50124  7.46708e-07  68085.6  5.73191e+06  
72.4917  3.72931  2.54031  7.19224e-07  60835.6  5.73916e+06  
74.2576  3.81803  2.58042  6.94521e-07  54078.5  5.74592e+06  
76.1079  3.91236  2.62158  6.72336e-07  47802.3  5.7522e+06  
78.0507  4.01301  2.66378  6.52438e-07  41994.6  5.75801e+06  
80.0955  4.12078  2.70699  6.34624e-07  36642.4  5.76336e+06  
82.2532  4.23663  2.75116  6.18709e-07  31732.4  5.76827e+06  
84.5367  4.3617  2.79615  6.04531e-07  27250.8  5.77275e+06  
86.961  4.49737  2.84178  5.91945e-07  23183.2  5.77682e+06  
89.5442  4.64533  2.88776  5.80819e-07  19514.8  5.78049e+06  
92.3079  4.80763  2.93362  5.71034e-07  16230.1  5.78377e+06  
95.2786  4.98686  2.97866  5.62483e-07  13313.1  5.78669e+06  
98.4887  5.18629  3.02184  5.55066e-07  10747.1  5.78925e+06  
