0  1.94454e-05  3.25623e-07  0.0249974  0.999687  
0.0660221  3.16004e-05  6.00858e-06  0.0908964  0.99586  
0.161005  3.79026e-05  1.79324e-05  0.184933  0.982747  
0.269803  4.05658e-05  2.69889e-05  0.29055  0.956849  
0.384247  4.16047e-05  3.14307e-05  0.397913  0.917404  
0.500864  4.19979e-05  3.32637e-05  0.50195  0.864868  
0.6183  4.2145e-05  3.39721e-05  0.599822  0.800093  
0.736041  4.21998e-05  3.42392e-05  0.68965  0.724086  
0.853897  4.22203e-05  3.4339e-05  0.770001  0.637966  
0.971795  4.22279e-05  3.43761e-05  0.83969  0.542961  
1.08971  4.22307e-05  3.439e-05  0.897727  0.440405  
1.20763  4.22318e-05  3.43951e-05  0.943298  0.331728  
1.32555  4.22322e-05  3.43971e-05  0.975767  0.218442  
1.44348  4.22324e-05  3.43978e-05  0.994683  0.102124  
1.5614  4.22325e-05  3.43981e-05  0.999781  -0.0156122  
1.67933  4.22325e-05  3.43982e-05  0.990993  -0.13313  
1.79725  4.22325e-05  3.43983e-05  0.968439  -0.248797  
1.91518  4.22326e-05  3.43983e-05  0.932434  -0.361006  
2.0331  4.22326e-05  3.43983e-05  0.883477  -0.4682  
2.15103  4.22326e-05  3.43984e-05  0.822249  -0.568888  
2.26896  4.22327e-05  3.43984e-05  0.749599  -0.661673  
2.38689  4.22327e-05  3.43984e-05  0.666539  -0.745265  
2.50481  4.22327e-05  3.43984e-05  0.57422  -0.818504  
2.62274  4.22328e-05  3.43985e-05  0.473926  -0.880373  
2.74067  4.22328e-05  3.43985e-05  0.367051  -0.930011  
2.8586  4.22328e-05  3.43985e-05  0.255078  -0.966729  
2.97653  4.22329e-05  3.43985e-05  0.139563  -0.990018  
3.09446  4.22329e-05  3.43986e-05  0.0221107  -0.999554  
3.21239  4.22329e-05  3.43986e-05  -0.095647  -0.995205  
3.33032  4.22329e-05  3.43986e-05  -0.212075  -0.977031  
3.44825  4.2233e-05  3.43986e-05  -0.325554  -0.945285  
3.56618  4.2233e-05  3.43987e-05  -0.43451  -0.900408  
3.68411  4.2233e-05  3.43987e-05  -0.537429  -0.843023  
3.80204  4.22331e-05  3.43987e-05  -0.63288  -0.773928  
3.91997  4.22331e-05  3.43987e-05  -0.719538  -0.694083  
4.0379  4.22331e-05  3.43987e-05  -0.796199  -0.604596  
4.15584  4.22332e-05  3.43988e-05  -0.861799  -0.506711  
4.27377  4.22332e-05  3.43988e-05  -0.915425  -0.401789  
4.3917  4.22332e-05  3.43988e-05  -0.956334  -0.291286  
4.50964  4.22333e-05  3.43988e-05  -0.983956  -0.176738  
4.62757  4.22333e-05  3.43989e-05  -0.997908  -0.0597364  
4.7455  4.22333e-05  3.43989e-05  -0.997997  0.0580937  
4.86344  4.22333e-05  3.43989e-05  -0.984222  0.175115  
4.98137  4.22334e-05  3.43989e-05  -0.956773  0.289702  
5.09931  4.22334e-05  3.4399e-05  -0.916032  0.400263  
5.21724  4.22334e-05  3.4399e-05  -0.862566  0.505262  
5.33518  4.22335e-05  3.4399e-05  -0.797117  0.60324  
5.45312  4.22335e-05  3.4399e-05  -0.720594  0.692836  
5.57105  4.22335e-05  3.43991e-05  -0.634062  0.772805  
5.68899  4.22336e-05  3.43991e-05  -0.538721  0.842036  
5.80693  4.22336e-05  3.43991e-05  -0.435897  0.899568  
5.92486  4.22336e-05  3.43991e-05  -0.327019  0.944601  
6.0428  4.22336e-05  3.43992e-05  -0.213598  0.976511  
6.16074  4.22337e-05  3.43992e-05  -0.097212  0.994852  
6.27868  4.22337e-05  3.43992e-05  0.0205236  0.999372  
6.39662  4.22337e-05  3.43992e-05  0.137972  0.990006  
6.51456  4.22338e-05  3.43993e-05  0.253503  0.966886  
6.6325  4.22338e-05  3.43993e-05  0.36551  0.930333  
6.75044  4.22338e-05  3.43993e-05  0.472437  0.880854  
6.86838  4.22339e-05  3.43993e-05  0.572798  0.819138  
6.98632  4.22339e-05  3.43994e-05  0.6652  0.746041  
7.10426  4.22339e-05  3.43994e-05  0.748359  0.66258  
7.2222  4.2234e-05  3.43994e-05  0.821118  0.569914  
7.34014  4.2234e-05  3.43994e-05  0.882468  0.46933  
7.45808  4.2234e-05  3.43995e-05  0.931556  0.362227  
7.57603  4.2234e-05  3.43995e-05  0.967699  0.250093  
7.69397  4.22341e-05  3.43995e-05  0.990397  0.134485  
7.81191  4.22341e-05  3.43995e-05  0.999333  0.0170099  
7.92986  4.22341e-05  3.43996e-05  0.994384  -0.1007  
8.0478  4.22342e-05  3.43996e-05  0.975619  -0.217009  
8.16574  4.22342e-05  3.43996e-05  0.943297  -0.330301  
8.28369  4.22342e-05  3.43996e-05  0.897869  -0.439003  
8.40163  4.22343e-05  3.43997e-05  0.839966  -0.541603  
8.51958  4.22343e-05  3.43997e-05  0.770392  -0.636676  
8.63752  4.22343e-05  3.43997e-05  0.690115  -0.722901  
8.75547  4.22343e-05  3.43997e-05  0.600249  -0.79908  
8.87342  4.22344e-05  3.43998e-05  0.502044  -0.864155  
8.99136  4.22344e-05  3.43998e-05  0.396865  -0.917221  
9.10931  4.22344e-05  3.43998e-05  0.286172  -0.957542  
9.22726  4.22345e-05  3.43998e-05  0.171504  -0.984556  
9.3452  4.22345e-05  3.43999e-05  0.0544539  -0.997889  
9.46315  4.22345e-05  3.43999e-05  -0.0633509  -0.997356  
9.5811  4.22346e-05  3.43999e-05  -0.180274  -0.982964  
9.69905  4.22346e-05  3.43999e-05  -0.29469  -0.954912  
9.817  4.22346e-05  3.44e-05  -0.40501  -0.913592  
9.93495  4.22347e-05  3.44e-05  -0.5097  -0.859577  
10.0529  4.22347e-05  3.44e-05  -0.607307  -0.793619  
10.1708  4.22347e-05  3.44e-05  -0.696472  -0.716633  
10.2888  4.22347e-05  3.44001e-05  -0.775959  -0.629689  
10.4067  4.22348e-05  3.44001e-05  -0.844661  -0.533996  
10.5247  4.22348e-05  3.44001e-05  -0.901625  -0.430884  
10.6426  4.22348e-05  3.44001e-05  -0.946058  -0.321785  
10.7606  4.22349e-05  3.44002e-05  -0.977344  -0.208217  
10.8786  4.22349e-05  3.44002e-05  -0.995048  -0.0917559  
10.9965  4.22349e-05  3.44002e-05  -0.998924  0.0259785  
11.1145  4.2235e-05  3.44002e-05  -0.988918  0.14335  
11.2324  4.2235e-05  3.44003e-05  -0.965169  0.258728  
11.3504  4.2235e-05  3.44003e-05  -0.928008  0.370509  
11.4683  4.22351e-05  3.44003e-05  -0.87795  0.47714  
11.5863  4.22351e-05  3.44003e-05  -0.815693  0.577139  
11.7042  4.22351e-05  3.44004e-05  -0.7421  0.669115  
11.8222  4.22351e-05  3.44004e-05  -0.658195  0.751791  
11.9401  4.22352e-05  3.44004e-05  -0.565145  0.824019  
12.0581  4.22352e-05  3.44004e-05  -0.464241  0.884794  
12.176  4.22352e-05  3.44005e-05  -0.356887  0.933271  
12.294  4.22353e-05  3.44005e-05  -0.244574  0.968778  
12.412  4.22353e-05  3.44005e-05  -0.128864  0.990821  
12.5299  4.22353e-05  3.44005e-05  -0.0113647  0.999093  
12.6479  4.22354e-05  3.44006e-05  0.106291  0.993479  
12.7658  4.22354e-05  3.44006e-05  0.222468  0.974059  
12.8838  4.22354e-05  3.44006e-05  0.335552  0.941102  
13.0017  4.22354e-05  3.44006e-05  0.443971  0.895065  
13.1197  4.22355e-05  3.44007e-05  0.546218  0.836589  
13.2377  4.22355e-05  3.44007e-05  0.640872  0.766487  
13.3556  4.22355e-05  3.44007e-05  0.726617  0.685733  
13.4736  4.22356e-05  3.44007e-05  0.802263  0.59545  
13.5915  4.22356e-05  3.44008e-05  0.866758  0.496892  
13.7095  4.22356e-05  3.44008e-05  0.919205  0.391429  
13.8275  4.22357e-05  3.44008e-05  0.958876  0.280527  
13.9454  4.22357e-05  3.44008e-05  0.985219  0.165728  
14.0634  4.22357e-05  3.44009e-05  0.997869  0.0486265  
14.1813  4.22358e-05  3.44009e-05  0.996649  -0.069149  
14.2993  4.22358e-05  3.44009e-05  0.981577  -0.185962  
14.4173  4.22358e-05  3.44009e-05  0.952862  -0.300188  
14.5352  4.22358e-05  3.4401e-05  0.910903  -0.410241  
14.6532  4.22359e-05  3.4401e-05  0.856285  -0.514591  
14.7712  4.22359e-05  3.4401e-05  0.789765  -0.611786  
14.8891  4.22359e-05  3.4401e-05  0.712269  -0.700477  
15.0071  4.2236e-05  3.44011e-05  0.624874  -0.77943  
15.1251  4.2236e-05  3.44011e-05  0.528794  -0.847549  
15.243  4.2236e-05  3.44011e-05  0.425366  -0.903886  
15.361  4.22361e-05  3.44011e-05  0.316027  -0.947659  
15.4789  4.22361e-05  3.44012e-05  0.202296  -0.978259  
15.5969  4.22361e-05  3.44012e-05  0.0857552  -0.995261  
15.7149  4.22362e-05  3.44012e-05  -0.0319762  -0.998429  
15.8328  4.22362e-05  3.44012e-05  -0.149262  -0.987718  
15.9508  4.22362e-05  3.44013e-05  -0.264471  -0.963279  
16.0688  4.22362e-05  3.44013e-05  -0.376002  -0.92545  
16.1867  4.22363e-05  3.44013e-05  -0.482305  -0.874757  
16.3047  4.22363e-05  3.44013e-05  -0.581903  -0.811906  
16.4227  4.22363e-05  3.44014e-05  -0.673411  -0.73777  
16.5407  4.22364e-05  3.44014e-05  -0.755557  -0.653379  
16.6586  4.22364e-05  3.44014e-05  -0.827199  -0.559907  
16.7766  4.22364e-05  3.44014e-05  -0.887342  -0.458654  
16.8946  4.22365e-05  3.44015e-05  -0.935149  -0.351026  
17.0125  4.22365e-05  3.44015e-05  -0.969956  -0.23852  
17.1305  4.22365e-05  3.44015e-05  -0.991279  -0.1227  
17.2485  4.22365e-05  3.44015e-05  -0.998823  -0.0051754  
17.3664  4.22366e-05  3.44016e-05  -0.992482  0.112419  
17.4844  4.22366e-05  3.44016e-05  -0.972344  0.22845  
17.6024  4.22366e-05  3.44016e-05  -0.93869  0.341303  
17.7204  4.22367e-05  3.44016e-05  -0.891987  0.44941  
17.8383  4.22367e-05  3.44017e-05  -0.832885  0.551268  
17.9563  4.22367e-05  3.44017e-05  -0.762206  0.645462  
18.0743  4.22368e-05  3.44017e-05  -0.680931  0.730681  
18.1922  4.22368e-05  3.44017e-05  -0.590192  0.805742  
18.3102  4.22368e-05  3.44018e-05  -0.491249  0.8696  
18.4282  4.22369e-05  3.44018e-05  -0.385478  0.921369  
18.5462  4.22369e-05  3.44018e-05  -0.27435  0.960328  
18.6641  4.22369e-05  3.44018e-05  -0.15941  0.985936  
18.7821  4.22369e-05  3.44019e-05  -0.0422543  0.997838  
18.9001  4.2237e-05  3.44019e-05  0.0754869  0.995867  
19.0181  4.2237e-05  3.44019e-05  0.192177  0.980052  
19.136  4.2237e-05  3.44019e-05  0.306194  0.950612  
19.254  4.22371e-05  3.4402e-05  0.415953  0.907956  
19.372  4.22371e-05  3.4402e-05  0.519927  0.852679  
19.49  4.22371e-05  3.4402e-05  0.616672  0.785548  
19.6079  4.22372e-05  3.4402e-05  0.704842  0.707496  
19.7259  4.22372e-05  3.44021e-05  0.783212  0.61961  
19.8439  4.22372e-05  3.44021e-05  0.850692  0.52311  
19.9619  4.22373e-05  3.44021e-05  0.906344  0.419339  
